No,values,Time,r,Age_years,Age
1001,4.208253193,3/12/2023,1,66,4
1001,4.180441298,5/14/2023,2,66,4
1001,4.179724096,8/13/2023,3,66,4
1001,4.191059582,11/12/2023,4,66,4
1001,4.174495919,06/02/2024,5,66,4
1002,4.539050994,3/12/2023,1,58,3
1002,4.376430951,5/14/2023,2,58,3
1002,4.346607217,8/13/2023,3,58,3
1002,4.292167431,11/12/2023,4,58,3
1002,4.340444115,06/02/2024,5,58,3
1003,4.467977875,3/12/2023,1,60,4
1003,4.332983511,5/14/2023,2,60,4
1003,4.33751916,8/13/2023,3,60,4
1003,4.400365273,11/12/2023,4,60,4
1003,4.214287383,06/02/2024,5,60,4
1004,4.60088581,3/12/2023,1,52,3
1004,4.65700802,5/14/2023,2,52,3
1004,4.617052789,8/13/2023,3,52,3
1004,4.585505849,11/12/2023,4,52,3
1004,4.596772977,06/02/2024,5,52,3
1005,4.455514833,3/12/2023,1,63,4
1005,4.355355723,5/14/2023,2,63,4
1005,4.251711205,8/13/2023,3,63,4
1005,4.168084796,11/12/2023,4,63,4
1005,NA,06/02/2024,5,63,4
1006,3.837272703,3/12/2023,1,57,3
1006,3.59439255,5/14/2023,2,57,3
1006,3.589279221,8/13/2023,3,57,3
1006,3.443732241,11/12/2023,4,57,3
1006,3.782472624,06/02/2024,5,57,3
1007,4.452874644,3/12/2023,1,76,5
1007,4.205285584,5/14/2023,2,76,5
1007,4.195954973,8/13/2023,3,76,5
1007,4.190639798,11/12/2023,4,76,5
1007,4.354127655,06/02/2024,5,76,5
1008,4.652120581,3/12/2023,1,89,5
1008,4.473457773,5/14/2023,2,89,5
1008,NA, ,3,89,5
1008,4.47424541,11/12/2023,4,89,5
1008,4.630692236,06/02/2024,5,89,5
1009,3.880070084,3/12/2023,1,73,4
1009,3.953807998,5/14/2023,2,73,4
1009,3.89795681,8/13/2023,3,73,4
1009,3.970997366,11/12/2023,4,73,4
1009,3.866405498,06/02/2024,5,73,4
1010,4.190107488,3/12/2023,1,36,3
1010,3.927832133,5/14/2023,2,36,3
1010,3.874075745,8/13/2023,3,36,3
1010,4.099542529,11/12/2023,4,36,3
1010,4.57408917,06/02/2024,5,36,3
1011,4.208011149,3/12/2023,1,67,4
1011,4.084147133,5/14/2023,2,67,4
1011,4.156579436,8/13/2023,3,67,4
1011,4.146624089,11/12/2023,4,67,4
1011,4.140979163,06/02/2024,5,67,4
1012,4.72404637,3/12/2023,1,52,3
1012,4.44742163,5/14/2023,2,52,3
1012,4.406063046,8/13/2023,3,52,3
1012,4.456866853,11/12/2023,4,52,3
1012,4.376339673,06/02/2024,5,52,3
1013,3.959184543,3/12/2023,1,53,3
1013,3.856668484,5/14/2023,2,53,3
1013,3.781396305,8/13/2023,3,53,3
1013,5.084526233,11/12/2023,4,53,3
1013,4.70896449,06/02/2024,5,53,3
1014,4.109308505,3/12/2023,1,38,3
1014,3.837588438,5/14/2023,2,38,3
1014,3.977494969,8/13/2023,3,38,3
1014,3.88834801,11/12/2023,4,38,3
1014,4.048985303,06/02/2024,5,38,3
1015,4.183497611,3/12/2023,1,46,3
1015,4.194902674,5/14/2023,2,46,3
1015,4.113943352,8/13/2023,3,46,3
1015,4.116474912,11/12/2023,4,46,3
1015,4.107888025,06/02/2024,5,46,3
1016,4.322467392,3/12/2023,1,68,4
1016,4.153052275,5/14/2023,2,68,4
1016,4.172281761,8/13/2023,3,68,4
1016,4.156064312,11/12/2023,4,68,4
1016,4.211601044,06/02/2024,5,68,4
1017,4.399206301,3/12/2023,1,63,4
1017,4.178228511,5/14/2023,2,63,4
1017,4.188028041,8/14/2023,3,63,4
1017,4.165452073,11/12/2023,4,63,4
1017,4.13001195,06/02/2024,5,63,4
1018,3.876506504,3/12/2023,1,68,4
1018,3.857272174,5/14/2023,2,68,4
1018,3.888067113,8/13/2023,3,68,4
1018,3.872331121,11/12/2023,4,68,4
1018,3.81967552,06/02/2024,5,68,4
1019,4.681602999,3/12/2023,1,74,4
1019,4.783817855,5/14/2023,2,74,4
1019,4.703213972,8/13/2023,3,74,4
1019,4.764848357,11/12/2023,4,74,4
1019,4.743603826,06/02/2024,5,74,4
1020,4.57560346,3/12/2023,1,68,4
1020,4.582892505,5/14/2023,2,68,4
1020,4.412124406,8/13/2023,3,68,4
1020,4.62324929,11/12/2023,4,68,4
1020,4.45845654,06/02/2024,5,68,4
1021,4.466511738,3/12/2023,1,70,4
1021,4.35320432,5/14/2023,2,70,4
1021,4.149650113,8/13/2023,3,70,4
1021,4.199974463,11/12/2023,4,70,4
1021,4.128819142,06/02/2024,5,70,4
1022,4.463519723,3/12/2023,1,77,5
1022,4.477974528,5/14/2023,2,77,5
1022,4.488014568,8/13/2023,3,77,5
1022,NA,11/12/2023,4,77,5
1022,4.463818362,06/02/2024,5,77,5
1023,4.478595351,3/12/2023,1,61,4
1023,4.201014558,5/14/2023,2,61,4
1023,4.26803945,8/13/2023,3,61,4
1023,4.144574208,11/12/2023,4,61,4
1023,NA,06/02/2024,5,61,4
1024,4.450233708,3/12/2023,1,71,4
1024,4.492578813,5/14/2023,2,71,4
1024,4.515370406,8/13/2023,3,71,4
1024,4.519919829,11/12/2023,4,71,4
1024,4.498310554,06/02/2024,5,71,4
1025,4.455864635,3/12/2023,1,63,4
1025,4.280305143,5/14/2023,2,63,4
1025,4.182984967,8/13/2023,3,63,4
1025,4.192846115,11/12/2023,4,63,4
1025,4.326929537,06/02/2024,5,63,4
1026,4.23761913,3/12/2023,1,65,4
1026,4.161966616,5/14/2023,2,65,4
1026,4.163757524,8/13/2023,3,65,4
1026,NA, ,4,65,4
1026,4.191003634,06/02/2024,5,65,4
1027,4.137480709,3/12/2023,1,71,4
1027,4.06914989,5/14/2023,2,71,4
1027,4.024157154,8/13/2023,3,71,4
1027,4.01148586,11/12/2023,4,71,4
1027,4.086074954,06/02/2024,5,71,4
1028,3.844725628,3/12/2023,1,34,3
1028,3.858055718,5/14/2023,2,34,3
1028,3.898725182,8/13/2023,3,34,3
1028,3.902166129,11/12/2023,4,34,3
1028,3.833593294,06/02/2024,5,34,3
1029,3.868703202,3/12/2023,1,60,4
1029,3.862787098,5/14/2023,2,60,4
1029,3.8309093,8/13/2023,3,60,4
1029,NA, ,4,60,4
1029,NA,06/02/2024,5,60,4
1030,4.454692449,3/12/2023,1,64,4
1030,4.502891212,5/14/2023,2,64,4
1030,4.477671013,8/13/2023,3,64,4
1030,4.454539985,11/12/2023,4,64,4
1030,4.465917953,06/02/2024,5,64,4
1031,4.477005427,3/12/2023,1,61,4
1031,4.411266067,5/14/2023,2,61,4
1031,NA, ,3,61,4
1031,NA,11/12/2023,4,61,4
1031,4.422622665,06/02/2024,5,61,4
1032,4.134686993,3/12/2023,1,54,3
1032,4.159837791,5/14/2023,2,54,3
1032,4.060131,8/13/2023,3,54,3
1032,4.146871903,11/12/2023,4,54,3
1032,4.132675849,06/02/2024,5,54,3
1033,4.469247484,3/12/2023,1,60,4
1033,4.210345278,5/14/2023,2,60,4
1033,4.202379321,8/13/2023,3,60,4
1033,4.367709922,11/12/2023,4,60,4
1033,4.28688292,06/02/2024,5,60,4
1034,4.25823009,3/12/2023,1,49,3
1034,4.051422666,5/14/2023,2,49,3
1034,NA,8/13/2023,3,49,3
1034,4.131811071,11/12/2023,4,49,3
1034,4.551181531,06/02/2024,5,49,3
1035,4.530199698,3/15/2023,1,55,3
1035,NA, ,2,55,3
1035,NA, ,3,55,3
1035,NA, ,4,55,3
1035,3.974787932,06/02/2024,5,55,3
1036,4.262427357,3/12/2023,1,41,3
1036,4.248586244,5/14/2023,2,41,3
1036,4.20588073,8/13/2023,3,41,3
1036,NA,11/12/2023,4,41,3
1036,NA,06/02/2024,5,41,3
1037,4.243434937,3/12/2023,1,68,4
1037,4.316201069,5/14/2023,2,68,4
1037,4.315382496,8/13/2023,3,68,4
1037,4.299376533,11/12/2023,4,68,4
1037,5.007491733,06/02/2024,5,68,4
1038,4.709269961,3/12/2023,1,41,3
1038,4.647285145,5/14/2023,2,41,3
1038,4.5340642,8/13/2023,3,41,3
1038,4.71206857,11/12/2023,4,41,3
1038,4.501155153,06/02/2024,5,41,3
1039,4.299289334,3/12/2023,1,72,4
1039,4.181929296,5/14/2023,2,72,4
1039,4.164471824,8/13/2023,3,72,4
1039,4.172807188,11/12/2023,4,72,4
1039,4.190667796,06/02/2024,5,72,4
1040,4.367505009,3/12/2023,1,25,3
1040,4.378706704,5/14/2023,2,25,3
1040,4.32805325,8/13/2023,3,25,3
1040,4.364719803,11/12/2023,4,25,3
1040,NA,06/02/2024,5,25,3
1041,4.74647851,3/12/2023,1,66,4
1041,4.423524389,5/14/2023,2,66,4
1041,4.392696953,8/13/2023,3,66,4
1041,4.39707055,11/12/2023,4,66,4
1041,4.647588331,06/02/2024,5,66,4
1042,4.194680813,3/12/2023,1,29,3
1042,4.189153303,5/14/2023,2,29,3
1042,4.201615582,8/13/2023,3,29,3
1042,4.141575183,11/12/2023,4,29,3
1042,4.160768562,06/02/2024,5,29,3
1043,3.914871818,3/12/2023,1,57,3
1043,3.872971631,5/14/2023,2,57,3
1043,3.848127511,8/13/2023,3,57,3
1043,3.855034317,11/12/2023,4,57,3
1043,3.844911874,06/02/2024,5,57,3
1044,4.362501324,3/12/2023,1,32,3
1044,4.183298321,5/14/2023,2,32,3
1044,4.166962664,8/13/2023,3,32,3
1044,4.059108818,11/12/2023,4,32,3
1044,4.06103759,06/02/2024,5,32,3
1045,4.120343562,3/12/2023,1,40,3
1045,3.896856773,5/14/2023,2,40,3
1045,3.901839592,8/13/2023,3,40,3
1045,4.393434803,11/12/2023,4,40,3
1045,4.546197064,06/02/2024,5,40,3
1046,4.330555809,3/12/2023,1,62,4
1046,4.023499382,5/14/2023,2,62,4
1046,4.022675762,8/13/2023,3,62,4
1046,4.038898212,11/12/2023,4,62,4
1046,4.033142177,06/02/2024,5,62,4
1047,4.129593228,3/12/2023,1,68,4
1047,4.010172703,5/14/2023,2,68,4
1047,4.004020273,8/13/2023,3,68,4
1047,3.898670343,11/12/2023,4,68,4
1047,4.018950022,06/02/2024,5,68,4
1048,4.7399756,3/12/2023,1,55,3
1048,4.491319663,5/14/2023,2,55,3
1048,4.4378615,8/13/2023,3,55,3
1048,4.422392836,11/12/2023,4,55,3
1048,4.378615902,06/02/2024,5,55,3
1049,4.339828925,3/12/2023,1,28,3
1049,4.198162039,5/14/2023,2,28,3
1049,4.116873286,8/13/2023,3,28,3
1049,4.116474912,11/12/2023,4,28,3
1049,3.95727198,06/02/2024,5,28,3
1050,4.090152201,3/12/2023,1,63,4
1050,4.020527012,5/14/2023,2,63,4
1050,3.986144465,8/13/2023,3,63,4
1050,3.88834801,11/12/2023,4,63,4
1050,3.959947216,06/02/2024,5,63,4
1051,4.387176186,3/12/2023,1,66,4
1051,4.340503603,5/14/2023,2,66,4
1051,4.245907302,8/13/2023,3,66,4
1051,4.311753861,11/12/2023,4,66,4
1051,4.348713647,06/02/2024,5,66,4
1052,3.861713588,3/12/2023,1,62,4
1052,3.87714089,5/14/2023,2,62,4
1052,3.88303651,8/13/2023,3,62,4
1052,3.894980291,11/12/2023,4,62,4
1052,4.715301224,06/02/2024,5,62,4
1053,3.651665604,3/12/2023,1,67,4
1053,3.594503044,5/14/2023,2,67,4
1053,3.694166296,8/13/2023,3,67,4
1053,3.730378469,11/12/2023,4,67,4
1053,3.594944737,06/02/2024,5,67,4
1054,4.73832066,3/12/2023,1,64,4
1054,4.705179245,5/14/2023,2,64,4
1054,NA, ,3,64,4
1054,4.740757323,11/12/2023,4,64,4
1054,4.65270071,06/02/2024,5,64,4
1055,4.230346722,3/12/2023,1,46,3
1055,4.121461354,5/14/2023,2,46,3
1055,4.102570902,8/13/2023,3,46,3
1055,4.087887849,11/12/2023,4,46,3
1055,4.041826763,06/02/2024,5,46,3
1056,4.195484523,3/12/2023,1,82,5
1056,4.120935693,5/14/2023,2,82,5
1056,NA,8/13/2023,3,82,5
1056,4.128011333,11/12/2023,4,82,5
1056,NA,06/02/2024,5,82,5
1057,4.497675882,3/12/2023,1,34,3
1057,4.447452631,5/14/2023,2,34,3
1057,4.779076758,8/13/2023,3,34,3
1057,4.492159502,11/12/2023,4,34,3
1057,4.498641319,06/02/2024,5,34,3
1058,4.770026805,3/12/2023,1,64,4
1058,4.648184306,5/14/2023,2,64,4
1058,4.701222484,8/13/2023,3,64,4
1058,4.788140077,11/12/2023,4,64,4
1058,NA,06/02/2024,5,64,4
1059,4.497924343,3/12/2023,1,44,3
1059,4.233909453,5/14/2023,2,44,3
1059,4.205041879,8/13/2023,3,44,3
1059,4.18723862,11/12/2023,4,44,3
1059,4.153357471,06/02/2024,5,44,3
1060,4.170114969,3/12/2023,1,51,3
1060,4.1069724,5/14/2023,2,51,3
1060,4.090681204,8/13/2023,3,51,3
1060,4.068445618,11/12/2023,4,51,3
1060,4.055607652,06/02/2024,5,51,3
1061,3.859438535,3/12/2023,1,68,4
1061,4.010257543,5/14/2023,2,68,4
1061,3.926342447,8/13/2023,3,68,4
1061,3.896911841,11/12/2023,4,68,4
1061,4.083610105,06/02/2024,5,68,4
1062,4.477685471,3/12/2023,1,74,4
1062,4.363442741,5/14/2023,2,74,4
1062,4.279187678,8/13/2023,3,74,4
1062,4.371640384,11/12/2023,4,74,4
1062,4.116109414,06/02/2024,5,74,4
1063,4.296358005,3/12/2023,1,73,4
1063,4.125058151,5/14/2023,2,73,4
1063,4.102159183,8/13/2023,3,73,4
1063,4.091913047,11/12/2023,4,73,4
1063,3.868879446,06/02/2024,5,73,4
1064,4.141355692,3/12/2023,1,67,4
1064,4.127137207,5/14/2023,2,67,4
1064,4.1491267,8/13/2023,3,67,4
1064,4.115577231,11/12/2023,4,67,4
1064,3.926959488,06/02/2024,5,67,4
1065,4.126748142,3/12/2023,1,60,4
1065,4.078674273,5/14/2023,2,60,4
1065,4.097639016,8/13/2023,3,60,4
1065,4.435732912,11/12/2023,4,60,4
1065,4.094156562,06/02/2024,5,60,4
1066,4.200659016,3/12/2023,1,72,4
1066,4.108767918,5/14/2023,2,72,4
1066,4.097916409,8/13/2023,3,72,4
1066,4.095866453,11/12/2023,4,72,4
1066,4.463684,06/02/2024,5,72,4
1067,4.319126888,3/12/2023,1,58,3
1067,4.35222112,5/14/2023,2,58,3
1067,4.264888626,8/13/2023,3,58,3
1067,4.38799457,11/12/2023,4,58,3
1067,4.161577611,06/02/2024,5,58,3
1068,3.996642991,3/12/2023,1,66,4
1068,3.894205259,5/14/2023,2,66,4
1068,NA,8/13/2023,3,66,4
1068,3.891648944,11/12/2023,4,66,4
1068,4.184350674,06/02/2024,5,66,4
1069,4.463131187,3/12/2023,1,66,4
1069,4.35755372,5/14/2023,2,66,4
1069,NA, ,3,66,4
1069,4.375809878,11/12/2023,4,66,4
1069,4.197528656,06/02/2024,5,66,4
1070,4.053424204,3/12/2023,1,52,3
1070,4.096249383,5/14/2023,2,52,3
1070,4.126521026,8/13/2023,3,52,3
1070,4.170994702,11/12/2023,4,52,3
1070,3.909876818,06/02/2024,5,52,3
1071,4.41848359,3/12/2023,1,76,5
1071,4.203168923,5/14/2023,2,76,5
1071,4.148818515,8/13/2023,3,76,5
1071,4.169468698,11/12/2023,4,76,5
1071,4.14176323,06/02/2024,5,76,5
1072,4.771793189,3/12/2023,1,57,3
1072,4.68607293,5/14/2023,2,57,3
1072,4.68222633,8/13/2023,3,57,3
1072,4.734951766,11/12/2023,4,57,3
1072,4.70111878,06/02/2024,5,57,3
1073,4.096249383,3/12/2023,1,56,3
1073,3.866818803,5/14/2023,2,56,3
1073,3.849235091,8/13/2023,3,56,3
1073,3.878981123,11/12/2023,4,56,3
1073,3.820464191,06/02/2024,5,56,3
1074,4.392450725,3/12/2023,1,78,5
1074,4.174147065,5/14/2023,2,78,5
1074,4.154423973,8/13/2023,3,78,5
1074,NA,11/12/2023,4,78,5
1074,4.142764775,06/02/2024,5,78,5
1075,3.834611421,3/12/2023,1,74,4
1075,3.718169405,5/14/2023,2,74,4
1075,3.642365581,8/13/2023,3,74,4
1075,3.770631128,11/12/2023,4,74,4
1075,4.15430222,06/02/2024,5,74,4
1076,4.256332818,3/12/2023,1,59,3
1076,4.253604511,5/14/2023,2,59,3
1076,4.149496233,8/13/2023,3,59,3
1076,4.420714687,11/12/2023,4,59,3
1076,4.136530324,06/02/2024,5,59,3
1077,4.013637612,3/12/2023,1,70,4
1077,NA,5/14/2023,2,70,4
1077,3.943148129,8/14/2023,3,70,4
1077,4.007278247,11/12/2023,4,70,4
1077,3.731910942,06/02/2024,5,70,4
1078,4.677707303,3/12/2023,1,76,5
1078,NA, ,2,76,5
1078,4.474638694,8/13/2023,3,76,5
1078,4.491375703,11/12/2023,4,76,5
1078,4.36990202,06/02/2024,5,76,5
1079,4.299768712,3/12/2023,1,65,4
1079,4.301529147,5/14/2023,2,65,4
1079,4.193875612,8/13/2023,3,65,4
1079,4.182528775,11/12/2023,4,65,4
1079,4.158452961,06/02/2024,5,65,4
1080,4.671089495,3/12/2023,1,54,3
1080,4.503899583,5/14/2023,2,54,3
1080,4.595374955,8/13/2023,3,54,3
1080,4.500359992,11/12/2023,4,54,3
1080,4.607776604,06/02/2024,5,54,3
1081,3.83828225,3/12/2023,1,40,3
1081,3.82724,5/14/2023,2,40,3
1081,3.822952241,8/13/2023,3,40,3
1081,3.789086915,11/12/2023,4,40,3
1081,NA,06/02/2024,5,40,3
1082,4.047858727,3/12/2023,1,67,4
1082,3.853515697,5/14/2023,2,67,4
1082,3.847202364,8/13/2023,3,67,4
1082,3.851991748,11/12/2023,4,67,4
1082,3.824386202,06/02/2024,5,67,4
1083,4.171550946,3/12/2023,1,60,4
1083,4.188478496,5/14/2023,2,60,4
1083,4.257270482,8/13/2023,3,60,4
1083,4.194070108,11/12/2023,4,60,4
1083,NA,06/02/2024,5,60,4
1084,4.194874948,3/12/2023,1,41,3
1084,4.201151228,5/14/2023,2,41,3
1084,4.202924028,8/13/2023,3,41,3
1084,NA,11/12/2023,4,41,3
1084,4.149249913,06/02/2024,5,41,3
1085,4.504253321,3/12/2023,1,40,3
1085,4.503463818,5/14/2023,2,40,3
1085,NA, ,3,40,3
1085,NA, ,4,40,3
1085,4.423196706,06/02/2024,5,40,3
1086,4.117867627,3/12/2023,1,60,4
1086,3.935456881,5/14/2023,2,60,4
1086,3.901676231,8/13/2023,3,60,4
1086,3.872680607,11/12/2023,4,60,4
1086,3.889245661,06/02/2024,5,60,4
1087,4.17498965,3/12/2023,1,86,5
1087,4.163757524,5/14/2023,2,86,5
1087,4.159296427,8/13/2023,3,86,5
1087,4.13776542,11/12/2023,4,86,5
1087,4.140413758,06/02/2024,5,86,5
1088,4.532767115,3/12/2023,1,59,3
1088,4.441977767,5/14/2023,2,59,3
1088,4.403858024,8/13/2023,3,59,3
1088,4.458939862,11/12/2023,4,59,3
1088,4.468775505,06/02/2024,5,59,3
1089,4.256693698,3/12/2023,1,70,4
1089,4.183412212,5/14/2023,2,70,4
1089,4.16172727,8/13/2023,3,70,4
1089,4.171609456,11/12/2023,4,70,4
1089,4.280441778,06/02/2024,5,70,4
1090,4.05376969,3/12/2023,1,68,4
1090,4.002641149,5/14/2023,2,68,4
1090,4.009663317,8/13/2023,3,68,4
1090,4.049528122,11/12/2023,4,68,4
1090,4.166903524,06/02/2024,5,68,4
1091,3.698535493,3/12/2023,1,40,3
1091,3.799271608,5/14/2023,2,40,3
1091,3.794836458,8/13/2023,3,40,3
1091,3.871222557,11/12/2023,4,40,3
1091,3.883888458,06/02/2024,5,40,3
1092,4.355432362,3/12/2023,1,52,3
1092,4.345628546,5/14/2023,2,52,3
1092,NA,8/13/2023,3,52,3
1092,NA,11/12/2023,4,52,3
1092,NA,06/02/2024,5,52,3
1093,4.658354878,3/12/2023,1,48,3
1093,4.758192517,5/14/2023,2,48,3
1093,NA, ,3,48,3
1093,NA, ,4,48,3
1093,NA,06/02/2024,5,48,3
1094,3.890253305,3/12/2023,1,47,3
1094,3.896746616,5/14/2023,2,47,3
1094,NA,8/13/2023,3,47,3
1094,NA,11/12/2023,4,47,3
1094,3.863144346,06/02/2024,5,47,3
1095,3.846646329,3/12/2023,1,25,3
1095,3.897297122,5/14/2023,2,25,3
1095,3.849542252,8/13/2023,3,25,3
1095,3.853637382,11/12/2023,4,25,3
1095,NA,06/02/2024,5,25,3
1096,4.471012851,3/12/2023,1,71,4
1096,4.305544824,5/14/2023,2,71,4
1096,4.222898473,8/13/2023,3,71,4
1096,4.203168923,11/12/2023,4,71,4
1096,4.419674935,06/02/2024,5,71,4
1097,4.348927619,3/12/2023,1,65,4
1097,4.182813951,5/14/2023,2,65,4
1097,4.215769708,8/13/2023,3,65,4
1097,4.287689784,11/12/2023,4,65,4
1097,4.321329113,06/02/2024,5,65,4
1098,4.175685728,3/12/2023,1,86,5
1098,4.186136672,5/14/2023,2,86,5
1098,4.255079442,8/13/2023,3,86,5
1098,4.176496412,11/12/2023,4,86,5
1098,NA,06/02/2024,5,86,5
1099,4.202951245,3/12/2023,1,25,3
1099,4.169380495,5/14/2023,2,25,3
1099,NA, ,3,25,3
1099,4.143639235,11/12/2023,4,25,3
1099,4.156215883,06/02/2024,5,25,3
1100,4.125611372,3/12/2023,1,62,4
1100,4.137543995,5/14/2023,2,62,4
1100,4.172632117,8/13/2023,3,62,4
1100,4.215584694,11/12/2023,4,62,4
1100,4.300921408,06/02/2024,5,62,4
1101,4.570951358,3/12/2023,1,78,5
1101,4.339967915,5/14/2023,2,78,5
1101,4.290145955,8/13/2023,3,78,5
1101,4.397557661,11/12/2023,4,78,5
1101,4.483330495,06/02/2024,5,78,5
1102,4.374418377,3/12/2023,1,90,5
1102,4.13522809,5/14/2023,2,90,5
1102,4.135514281,8/13/2023,3,90,5
1102,4.140067869,11/12/2023,4,90,5
1102,4.043872912,06/02/2024,5,90,5
1103,4.717820234,3/12/2023,1,75,5
1103,4.510303668,5/14/2023,2,75,5
1103,4.443231686,8/13/2023,3,75,5
1103,4.503722606,11/12/2023,4,75,5
1103,4.415607623,06/02/2024,5,75,5
1104,4.424179014,3/12/2023,1,20,3
1104,4.109679769,5/14/2023,2,20,3
1104,4.063183188,8/13/2023,3,20,3
1104,4.042378598,11/12/2023,4,20,3
1104,NA,06/02/2024,5,20,3
1105,4.028937077,3/12/2023,1,24,3
1105,3.868056362,5/14/2023,2,24,3
1105,3.782687568,8/13/2023,3,24,3
1105,3.875466416,11/12/2023,4,24,3
1105,3.749195042,06/02/2024,5,24,3
1106,4.129593228,3/12/2023,1,60,4
1106,4.151859956,5/14/2023,2,60,4
1106,4.133347266,8/13/2023,3,60,4
1106,4.194653072,11/12/2023,4,60,4
1106,4.100370545,06/02/2024,5,60,4
1107,4.16004814,3/12/2023,1,43,3
1107,4.183041957,5/14/2023,2,43,3
1107,4.137480709,8/13/2023,3,43,3
1107,4.152288344,11/12/2023,4,43,3
1107,4.127558302,06/02/2024,5,43,3
1108,4.656854921,3/12/2023,1,82,5
1108,4.538950562,5/14/2023,2,82,5
1108,4.638169658,8/23/2023,3,82,5
1108,4.617608347,11/12/2023,4,82,5
1108,4.491025336,06/02/2024,5,82,5
1109,4.985610572,3/12/2023,1,91,5
1109,4.795073218,5/14/2023,2,91,5
1109,4.72379214,8/13/2023,3,91,5
1109,4.89113587,11/12/2023,4,91,5
1109,4.717836867,06/02/2024,5,91,5
1110,4.502809349,3/12/2023,1,72,4
1110,4.19331943,5/14/2023,2,72,4
1110,4.186815124,8/13/2023,3,72,4
1110,4.187887178,11/12/2023,4,72,4
1110,4.166726056,06/02/2024,5,72,4
1111,4.741946945,3/12/2023,1,66,4
1111,4.474595014,5/14/2023,2,66,4
1111,4.410422907,8/13/2023,3,66,4
1111,4.363254621,11/12/2023,4,66,4
1111,4.299114884,06/02/2024,5,66,4
1112,4.135895576,3/12/2023,1,41,3
1112,4.00246845,5/14/2023,2,41,3
1112,4.025510673,8/13/2023,3,41,3
1112,4.003331259,11/12/2023,4,41,3
1112,3.947825684,06/02/2024,5,41,3
1113,4.760324455,3/12/2023,1,51,3
1113,4.473589145,5/14/2023,2,51,3
1113,4.423081958,8/13/2023,3,51,3
1113,4.645097901,11/12/2023,4,51,3
1113,4.426364845,06/02/2024,5,51,3
1114,3.945419343,3/12/2023,1,40,3
1114,3.942702369,5/14/2023,2,40,3
1114,3.87604455,8/13/2023,3,40,3
1114,3.853454841,11/12/2023,4,40,3
1114,3.958993665,06/02/2024,5,40,3
1115,5.006684204,3/12/2023,1,5,1
1115,4.608675764,5/14/2023,2,5,1
1115,4.695026129,8/13/2023,3,5,1
1115,NA,11/12/2023,4,5,1
1115,4.405943681,06/02/2024,5,5,1
1116,4.491053375,3/12/2023,1,41,3
1116,4.233934797,5/14/2023,2,41,3
1116,4.121362841,8/13/2023,3,41,3
1116,4.139564266,11/12/2023,4,41,3
1116,4.169645049,06/02/2024,5,41,3
1117,3.850768727,3/12/2023,1,67,4
1117,3.879898324,5/14/2023,2,67,4
1117,3.899601659,8/13/2023,3,67,4
1117,3.900749358,11/12/2023,4,67,4
1117,3.780821176,06/02/2024,5,67,4
1118,4.825886784,3/12/2023,1,68,4
1118,4.749349761,5/14/2023,2,68,4
1118,4.728451183,8/13/2023,3,68,4
1118,4.775071341,11/12/2023,4,68,4
1118,4.685311709,06/02/2024,5,68,4
1119,4.249467414,3/12/2023,1,70,4
1119,4.164917666,5/14/2023,2,70,4
1119,4.152318927,8/13/2023,3,70,4
1119,NA, ,4,70,4
1119,4.195179842,06/02/2024,5,70,4
1120,3.815909651,3/12/2023,1,69,4
1120,3.988514366,5/14/2023,2,69,4
1120,3.905957699,8/13/2023,3,69,4
1120,4.351525755,11/12/2023,4,69,4
1120,4.035069344,06/02/2024,5,69,4
1121,4.069889997,3/12/2023,1,33,3
1121,3.901458321,5/14/2023,2,33,3
1121,NA, ,3,33,3
1121,3.874307833,11/12/2023,4,33,3
1121,3.764699064,06/02/2024,5,33,3
1122,4.490941205,3/12/2023,1,75,5
1122,4.49310936,5/14/2023,2,75,5
1122,4.404320467,8/13/2023,3,75,5
1122,4.314772813,11/12/2023,4,75,5
1122,4.262261193,06/02/2024,5,75,5
1123,3.952501848,3/12/2023,1,54,3
1123,3.913760886,5/14/2023,2,54,3
1123,4.002597981,8/13/2023,3,54,3
1123,4.045127307,11/12/2023,4,54,3
1123,3.869407749,06/02/2024,5,54,3
1124,4.009153332,3/12/2023,1,65,4
1124,4.033303101,5/14/2023,2,65,4
1124,4.043990666,8/13/2023,3,65,4
1124,NA,11/12/2023,4,65,4
1124,3.997167871,06/02/2024,5,65,4
1125,4.27186483,3/12/2023,1,45,3
1125,4.142076461,5/14/2023,2,45,3
1125,4.165095875,8/14/2023,3,45,3
1125,4.092685563,11/12/2023,4,45,3
1125,4.084325995,06/02/2024,5,45,3
1126,4.301160264,3/12/2023,1,68,4
1126,4.337359412,5/14/2023,2,68,4
1126,4.199727759,8/13/2023,3,68,4
1126,4.367449107,11/12/2023,4,68,4
1126,4.254620574,06/02/2024,5,68,4
1127,4.20723031,3/12/2023,1,63,4
1127,4.361160995,5/14/2023,2,63,4
1127,4.290502061,8/13/2023,3,63,4
1127,4.398825067,11/12/2023,4,63,4
1127,4.198051952,06/02/2024,5,63,4
1128,4.201479059,3/12/2023,1,43,3
1128,4.215267343,5/14/2023,2,43,3
1128,4.209434582,8/13/2023,3,43,3
1128,4.242740145,11/12/2023,4,43,3
1128,4.153570981,06/02/2024,5,43,3
1129,4.698126655,3/12/2023,1,12,2
1129,4.497413465,5/14/2023,2,12,2
1129,4.451279719,8/13/2023,3,12,2
1129,4.396791955,11/12/2023,4,12,2
1129,NA,06/02/2024,5,12,2
1130,4.174466859,3/12/2023,1,11,2
1130,4.176149161,5/14/2023,2,11,2
1130,4.136688866,8/13/2023,3,11,2
1130,4.107583031,11/12/2023,4,11,2
1130,NA,06/02/2024,5,11,2
1131,4.480725379,3/12/2023,1,48,3
1131,4.467134341,5/14/2023,2,48,3
1131,4.51661469,8/13/2023,3,48,3
1131,4.537655417,11/12/2023,4,48,3
1131,NA,06/02/2024,5,48,3
1132,4.02094106,3/12/2023,1,58,3
1132,4.024198232,5/14/2023,2,58,3
1132,4.179063222,8/13/2023,3,58,3
1132,NA,11/12/2023,4,58,3
1132,4.012668534,06/02/2024,5,58,3
1133,4.290457564,3/12/2023,1,70,4
1133,4.400468911,5/14/2023,2,70,4
1133,4.409256652,8/13/2023,3,70,4
1133,4.402433346,11/12/2023,4,70,4
1133,4.293318349,06/02/2024,5,70,4
1134,4.783052729,3/12/2023,1,81,5
1134,4.711807229,5/14/2023,2,81,5
1134,4.501894168,8/13/2023,3,81,5
1134,4.466674887,11/12/2023,4,81,5
1134,5.289909873,06/02/2024,5,81,5
1135,4.203848464,3/12/2023,1,65,4
1135,4.187774455,5/14/2023,2,65,4
1135,4.195733648,8/13/2023,3,65,4
1135,4.346783143,11/12/2023,4,65,4
1135,4.138113146,06/02/2024,5,65,4
1136,4.661585544,3/12/2023,1,46,3
1136,4.493653196,5/14/2023,2,46,3
1136,4.348908172,8/13/2023,3,46,3
1136,4.359076226,11/12/2023,4,46,3
1136,4.214181309,06/02/2024,5,46,3
1137,3.920436407,3/12/2023,1,61,4
1137,3.88570038,5/14/2023,2,61,4
1137,3.90156729,8/13/2023,3,61,4
1137,3.895533039,11/12/2023,4,61,4
1137,3.873436863,06/02/2024,5,61,4
1138,3.905418069,3/12/2023,1,71,4
1138,3.918764031,5/14/2023,2,71,4
1138,3.870696458,8/22/2023,3,71,4
1138,3.874133779,11/12/2023,4,71,4
1138,3.872913442,06/02/2024,5,71,4
1139,3.975891136,3/12/2023,1,12,2
1139,NA, ,2,12,2
1139,NA, ,3,12,2
1139,NA, ,4,12,2
1139,NA,06/02/2024,5,12,2
1140,4.151216579,3/12/2023,1,41,3
1140,4.170906809,5/14/2023,2,41,3
1140,4.130430268,8/13/2023,3,41,3
1140,4.122772729,11/12/2023,4,41,3
1140,4.16208624,06/02/2024,5,41,3
1141,4.447158031,3/12/2023,1,8,2
1141,4.205475037,5/14/2023,2,8,2
1141,4.158452961,8/13/2023,3,8,2
1141,4.170144323,11/12/2023,4,8,2
1141,3.99175754,06/02/2024,5,8,2
1142,4.117271296,3/12/2023,1,25,3
1142,4.171375367,5/14/2023,2,25,3
1142,4.083430948,8/22/2023,3,25,3
1142,4.103085002,11/12/2023,4,25,3
1142,4.067851661,06/02/2024,5,25,3
1143,4.335758693,3/12/2023,1,73,4
1143,4.138839312,5/14/2023,2,73,4
1143,4.128011333,8/13/2023,3,73,4
1143,4.295435142,11/12/2023,4,73,4
1143,4.200084064,06/02/2024,5,73,4
1144,4.387407625,3/12/2023,1,5,1
1144,NA, ,2,5,1
1144,NA, ,3,5,1
1144,3.85691006,11/12/2023,4,5,1
1144,NA,06/02/2024,5,5,1
1145,3.895477796,3/12/2023,1,40,3
1145,3.922206277,5/14/2023,2,40,3
1145,3.903849338,8/13/2023,3,40,3
1145,3.890476909,11/12/2023,4,40,3
1145,4.118330874,06/02/2024,5,40,3
1146,4.656854921,3/12/2023,1,73,4
1146,4.743893718,5/14/2023,2,73,4
1146,4.706367817,8/23/2023,3,73,4
1146,4.737383499,11/12/2023,4,73,4
1146,4.643906474,06/02/2024,5,73,4
1147,4.500167839,3/12/2023,1,39,3
1147,4.556796832,5/14/2023,2,39,3
1147,4.470116353,8/13/2023,3,39,3
1147,4.486005186,11/12/2023,4,39,3
1147,4.409392031,06/02/2024,5,39,3
1148,4.139469776,3/12/2023,1,23,3
1148,4.323128293,5/14/2023,2,23,3
1148,NA, ,3,23,3
1148,NA, ,4,23,3
1148,NA,06/02/2024,5,23,3
1149,4.052655473,3/12/2023,1,41,3
1149,4.175569793,5/14/2023,2,41,3
1149,4.012373167,8/13/2023,3,41,3
1149,3.971739591,11/12/2023,4,41,3
1149,3.888067113,06/02/2024,5,41,3
1150,4.796851749,3/12/2023,1,66,4
1150,4.829303773,5/14/2023,2,66,4
1150,4.611967464,8/13/2023,3,66,4
1150,4.626720081,11/12/2023,4,66,4
1150,4.596992728,06/02/2024,5,66,4
1151,4.146562113,3/12/2023,1,66,4
1151,4.262949175,5/14/2023,2,66,4
1151,NA,8/13/2023,3,66,4
1151,4.193764433,11/12/2023,4,66,4
1151,4.108497371,06/02/2024,5,66,4
1152,4.013427127,3/12/2023,1,70,4
1152,4.204119983,5/14/2023,2,70,4
1152,3.942851007,8/13/2023,3,70,4
1152,4.051229723,11/12/2023,4,70,4
1152,4.077694866,06/02/2024,5,70,4
1153,4.197804153,3/12/2023,1,65,4
1153,4.42850735,5/14/2023,2,65,4
1153,4.369215857,8/13/2023,3,65,4
1153,4.295061045,11/12/2023,4,65,4
1153,4.316515494,06/02/2024,5,65,4
1154,4.448257884,3/12/2023,1,72,4
1154,4.682108959,5/14/2023,2,72,4
1154,4.449092531,8/13/2023,3,72,4
1154,4.487830996,11/12/2023,4,72,4
1154,4.44426345,06/02/2024,5,72,4
1155,4.280714919,3/12/2023,1,65,4
1155,NA,5/14/2023,2,65,4
1155,4.174786417,8/13/2023,3,65,4
1155,4.249614102,11/12/2023,4,65,4
1155,4.251078264,06/02/2024,5,65,4
1156,3.812646016,3/12/2023,1,41,3
1156,3.882467615,5/14/2023,2,41,3
1156,3.772321707,8/13/2023,3,41,3
1156,3.854791694,11/12/2023,4,41,3
1156,3.847942639,06/02/2024,5,41,3
1157,4.07371835,3/12/2023,1,57,3
1157,4.176958981,5/14/2023,2,57,3
1157,3.99895644,8/13/2023,3,57,3
1157,3.9861893,11/12/2023,4,57,3
1157,4.048441804,06/02/2024,5,57,3
1158,4.169262864,3/12/2023,1,68,4
1158,NA, ,2,68,4
1158,4.216429831,8/13/2023,3,68,4
1158,4.15424133,11/12/2023,4,68,4
1158,4.185485492,06/02/2024,5,68,4
1159,4.012626351,3/12/2023,1,56,3
1159,4.209139536,5/14/2023,2,56,3
1159,3.880813592,8/13/2023,3,56,3
1159,3.997997636,11/12/2023,4,56,3
1159,3.881897974,06/02/2024,5,56,3
1160,4.107583031,3/12/2023,1,60,4
1160,4.446909792,5/14/2023,2,60,4
1160,4.016991578,8/13/2023,3,60,4
1160,4.273371712,11/12/2023,4,60,4
1160,4.014604533,06/02/2024,5,60,4
1161,4.764564656,3/12/2023,1,41,3
1161,4.803532223,5/7/2023,2,41,3
1161,4.698500713,8/13/2023,3,41,3
1161,4.757358064,11/12/2023,4,41,3
1161,4.604841408,06/02/2024,5,41,3
1162,4.082174775,3/12/2023,1,48,3
1162,NA, ,2,48,3
1162,3.978591327,8/13/2023,3,48,3
1162,4.054191577,11/12/2023,4,48,3
1162,3.897077003,06/02/2024,5,48,3
1163,3.855942946,3/12/2023,1,59,3
1163,4.034387784,5/14/2023,2,59,3
1163,NA,8/13/2023,3,59,3
1163,3.678062905,11/12/2023,4,59,3
1163,NA,06/02/2024,5,59,3
1164,3.949633924,3/12/2023,1,34,3
1164,4.072470482,5/14/2023,2,34,3
1164,3.902872785,8/13/2023,3,34,3
1164,3.898505786,11/12/2023,4,34,3
1164,3.876967967,06/02/2024,5,34,3
1165,4.225309282,3/12/2023,1,41,3
1165,4.367579534,5/14/2023,2,41,3
1165,4.149988456,8/13/2023,3,41,3
1165,4.198327118,11/12/2023,4,41,3
1165,4.565729788,06/02/2024,5,41,3
1166,3.977220447,3/12/2023,1,78,5
1166,4.194181209,5/14/2023,2,78,5
1166,4.094401245,8/13/2023,3,78,5
1166,4.309608878,11/12/2023,4,78,5
1166,4.124830149,06/02/2024,5,78,5
1167,4.119189882,3/12/2023,1,38,3
1167,4.227063592,5/14/2023,2,38,3
1167,4.09715315,8/13/2023,3,38,3
1167,4.101850138,11/12/2023,4,38,3
1167,4.096875268,06/02/2024,5,38,3
1168,4.942107309,3/12/2023,1,79,5
1168,4.941347423,5/14/2023,2,79,5
1168,4.792461731,8/13/2023,3,79,5
1168,5.222474551,11/12/2023,4,79,5
1168,4.888628725,06/02/2024,5,79,5
1169,4.433289685,3/12/2023,1,80,5
1169,4.646178187,5/14/2023,2,80,5
1169,4.482816436,8/13/2023,3,80,5
1169,4.441380885,11/12/2023,4,80,5
1169,4.37036503,06/02/2024,5,80,5
1170,4.2328437,3/12/2023,1,77,5
1170,4.442902882,5/14/2023,2,77,5
1170,4.068556895,8/13/2023,3,77,5
1170,4.131105162,11/12/2023,4,77,5
1170,4.054613055,06/02/2024,5,77,5
1171,4.16337012,3/12/2023,1,33,3
1171,4.522039747,5/14/2023,2,33,3
1171,4.128948252,8/13/2023,3,33,3
1171,4.292765404,11/12/2023,4,33,3
1171,3.880699289,06/02/2024,5,33,3
1172,4.120672623,3/12/2023,1,7,2
1172,4.296028636,5/14/2023,2,7,2
1172,3.996861768,8/13/2023,3,7,2
1172,4.034868996,11/12/2023,4,7,2
1172,3.892873407,06/02/2024,5,7,2
1173,4.182585825,3/12/2023,1,60,4
1173,4.164382601,5/14/2023,2,60,4
1173,4.165570741,8/14/2023,3,60,4
1173,4.154576117,11/12/2023,4,60,4
1173,4.088029718,06/02/2024,5,60,4
1174,4.477858928,3/12/2023,1,38,3
1174,4.456897187,5/14/2023,2,38,3
1174,NA,8/13/2023,3,38,3
1174,4.189406086,11/12/2023,4,38,3
1174,4.095692283,06/02/2024,5,38,3
1175,4.421719065,3/12/2023,1,65,4
1175,4.499219552,5/14/2023,2,65,4
1175,4.426283482,8/13/2023,3,65,4
1175,4.400831449,11/12/2023,4,65,4
1175,4.422343571,06/02/2024,5,65,4
1176,4.369215857,3/12/2023,1,83,5
1176,4.424113595,5/14/2023,2,83,5
1176,4.418881069,8/13/2023,3,83,5
1176,4.411922596,11/12/2023,4,83,5
1176,4.412006695,06/02/2024,5,83,5
1177,4.328134862,3/12/2023,1,63,4
1177,4.479748015,5/14/2023,2,63,4
1177,4.234036155,8/13/2023,3,63,4
1177,4.287376182,11/12/2023,4,63,4
1177,NA,06/02/2024,5,63,4
1178,4.13411333,3/12/2023,1,61,4
1178,4.303843775,5/14/2023,2,61,4
1178,4.175105741,8/13/2023,3,61,4
1178,4.104282207,11/12/2023,4,61,4
1178,3.97025387,06/02/2024,5,61,4
1179,4.462936788,3/12/2023,1,65,4
1179,NA, ,2,65,4
1179,NA, ,3,65,4
1179,NA, ,4,65,4
1179,NA,06/02/2024,5,65,4
1180,4.119651722,3/12/2023,1,47,3
1180,4.213119139,5/14/2023,2,47,3
1180,4.066959198,8/23/2023,3,47,3
1180,4.112370366,11/12/2023,4,47,3
1180,4.124927879,06/02/2024,5,47,3
1181,4.103940485,3/12/2023,1,80,5
1181,4.197197827,5/14/2023,2,80,5
1181,3.917242858,8/13/2023,3,80,5
1181,4.06807449,11/12/2023,4,80,5
1181,NA,06/02/2024,5,80,5
1182,4.202896809,3/12/2023,1,67,4
1182,4.401951676,5/14/2023,2,67,4
1182,4.254451395,8/13/2023,3,67,4
1182,NA, ,4,67,4
1182,NA,06/02/2024,5,67,4
1183,4.0253878,3/12/2023,1,65,4
1183,4.172515363,5/14/2023,2,65,4
1183,4.031327658,8/13/2023,3,65,4
1183,4.08849047,11/12/2023,4,65,4
1183,4.138776216,06/02/2024,5,65,4
1184,4.151063253,3/12/2023,1,31,3
1184,4.334594472,5/14/2023,2,31,3
1184,4.177132317,8/14/2023,3,31,3
1184,4.144760961,11/12/2023,4,31,3
1184,NA,06/02/2024,5,31,3
1185,4.416939918,3/12/2023,1,82,5
1185,4.703196769,5/14/2023,2,82,5
1185,4.328848307,8/13/2023,3,82,5
1185,4.3516224,11/12/2023,4,82,5
1185,4.377251596,06/02/2024,5,82,5
1186,3.942999593,3/12/2023,1,54,3
1186,4.322508728,5/14/2023,2,54,3
1186,4.075765878,8/13/2023,3,54,3
1186,4.01321654,11/12/2023,4,54,3
1186,4.093596769,06/02/2024,5,54,3
1187,3.667079205,3/12/2023,1,69,4
1187,3.988291342,5/14/2023,2,69,4
1187,3.653019451,8/13/2023,3,69,4
1187,3.60906055,11/12/2023,4,69,4
1187,3.609380944,06/02/2024,5,69,4
1188,3.834738519,3/12/2023,1,48,3
1188,4.180641903,5/14/2023,2,48,3
1188,3.741309209,8/13/2023,3,48,3
1188,3.810165285,11/12/2023,4,48,3
1188,4.127720153,06/02/2024,5,48,3
1189,4.136498608,3/12/2023,1,42,3
1189,4.390705541,5/14/2023,2,42,3
1189,4.108700297,8/13/2023,3,42,3
1189,4.180011119,11/12/2023,4,42,3
1189,4.189574526,06/02/2024,5,42,3
1190,4.201424438,3/12/2023,1,48,3
1190,4.383348518,5/14/2023,2,48,3
1190,NA,8/13/2023,3,48,3
1190,4.191087553,11/12/2023,4,48,3
1190,4.45922658,06/02/2024,5,48,3
1191,4.084862139,3/12/2023,1,67,4
1191,4.194153436,5/14/2023,2,67,4
1191,3.998520883,8/23/2023,3,67,4
1191,4.096423331,11/12/2023,4,67,4
1191,4.014226429,06/02/2024,5,67,4
1192,4.37821615,3/12/2023,1,52,3
1192,4.681639158,5/14/2023,2,52,3
1192,4.399967766,8/13/2023,3,52,3
1192,4.427680816,11/12/2023,4,52,3
1192,4.446537167,06/02/2024,5,52,3
1193,4.425208051,3/12/2023,1,41,3
1193,4.661916752,5/14/2023,2,41,3
1193,4.28402445,8/13/2023,3,41,3
1193,4.191339213,11/12/2023,4,41,3
1193,4.245265839,06/02/2024,5,41,3
1194,3.919862254,3/12/2023,1,48,3
1194,4.331224781,5/14/2023,2,48,3
1194,3.941958417,8/13/2023,3,48,3
1194,4.053654558,11/12/2023,4,48,3
1194,4.017867719,06/02/2024,5,48,3
1195,3.890588668,3/12/2023,1,18,2
1195,4.198602109,5/14/2023,2,18,2
1195,3.863798539,8/13/2023,3,18,2
1195,NA, ,4,18,2
1195,NA,06/02/2024,5,18,2
1196,3.737828506,3/12/2023,1,24,3
1196,3.647285145,5/14/2023,2,24,3
1196,3.587037118,8/13/2023,3,24,3
1196,3.264817823,11/12/2023,4,24,3
1196,NA,06/02/2024,5,24,3
1197,3.300160537,3/12/2023,1,33,3
1197,NA, ,2,33,3
1197,3.282848603,8/22/2023,3,33,3
1197,4.02473189,11/12/2023,4,33,3
1197,NA,06/02/2024,5,33,3
1198,4.16503648,3/12/2023,1,40,3
1198,4.471467741,5/18/2023,2,40,3
1198,4.124439011,8/13/2023,3,40,3
1198,4.193180274,11/12/2023,4,40,3
1198,4.09725731,06/02/2024,5,40,3
1199,4.201424438,3/12/2023,1,68,4
1199,4.396966098,5/14/2023,2,68,4
1199,4.19359761,8/13/2023,3,68,4
1199,4.0798322,11/12/2023,4,68,4
1199,4.183298321,06/02/2024,5,68,4
1200,4.070407322,3/12/2023,1,63,4
1200,3.936614262,5/14/2023,2,63,4
1200,3.96108872,8/13/2023,3,63,4
1200,4.047664195,11/12/2023,4,63,4
1200,3.960518343,06/02/2024,5,63,4
1201,4.245389271,3/12/2023,1,64,4
1201,NA,5/14/2023,2,64,4
1201,4.199864834,8/13/2023,3,64,4
1201,4.179465613,11/12/2023,4,64,4
1201,4.189406086,06/02/2024,5,64,4
1202,3.91360195,3/12/2023,1,66,4
1202,3.875524264,5/14/2023,2,66,4
1202,3.841547165,8/13/2023,3,66,4
1202,3.866877814,11/12/2023,4,66,4
1202,3.796782412,06/02/2024,5,66,4
1203,4.475801893,3/12/2023,1,57,3
1203,NA, ,2,57,3
1203,4.414588994,8/13/2023,3,57,3
1203,4.404850814,11/12/2023,4,57,3
1203,4.460401652,06/02/2024,5,57,3
1204,4.327808324,3/12/2023,1,63,4
1204,4.482187314,5/14/2023,2,63,4
1204,4.339252634,8/13/2023,3,63,4
1204,4.403926565,11/12/2023,4,63,4
1204,4.317875378,06/02/2024,5,63,4
1205,4.1752218,3/12/2023,1,77,5
1205,4.385105563,5/14/2023,2,77,5
1205,4.160198326,8/13/2023,3,77,5
1205,4.136086097,11/12/2023,4,77,5
1205,3.987040287,06/02/2024,5,77,5
1206,4.048441804,3/12/2023,1,25,3
1206,4.157577641,5/14/2023,2,25,3
1206,NA, ,3,25,3
1206,NA, ,4,25,3
1206,NA,06/02/2024,5,25,3
1207,3.918659293,3/12/2023,1,27,3
1207,4.048092052,5/14/2023,2,27,3
1207,NA,8/13/2023,3,27,3
1207,3.820661135,11/12/2023,4,27,3
1207,4.447018414,06/02/2024,5,27,3
1208,4.328481539,3/12/2023,1,27,3
1208,4.581881421,5/14/2023,2,27,3
1208,4.347115255,8/13/2023,3,27,3
1208,4.381800743,11/12/2023,4,27,3
1208,4.195899652,06/02/2024,5,27,3
1209,4.184691431,3/12/2023,1,64,4
1209,4.455256102,5/14/2023,2,64,4
1209,4.179867631,8/13/2023,3,64,4
1209,4.179408152,11/12/2023,4,64,4
1209,4.180555941,06/02/2024,5,64,4
1210,4.11994836,3/12/2023,1,46,3
1210,NA, ,2,46,3
1210,4.145693524,8/13/2023,3,46,3
1210,NA,11/12/2023,4,46,3
1210,4.156427992,06/02/2024,5,46,3
1211,4.201287854,3/12/2023,1,22,3
1211,4.417919873,5/14/2023,2,22,3
1211,4.208871138,8/23/2023,3,22,3
1211,4.271957713,11/12/2023,4,22,3
1211,4.174495919,06/02/2024,5,22,3
1212,4.016239191,3/12/2023,1,45,3
1212,4.20183393,5/14/2023,2,45,3
1212,3.967032882,8/13/2023,3,45,3
1212,4.009153332,11/12/2023,4,45,3
1212,3.974281359,06/02/2024,5,45,3
1213,4.091068732,3/12/2023,1,47,3
1213,4.177853809,5/14/2023,2,47,3
1213,4.044657333,8/13/2023,3,47,3
1213,3.947972579,11/12/2023,4,47,3
1213,3.99878227,06/02/2024,5,47,3
1214,3.940018155,3/12/2023,1,58,3
1214,4.166755639,5/14/2023,2,58,3
1214,3.937417581,8/13/2023,3,58,3
1214,4.526739781,11/12/2023,4,58,3
1214,NA,06/02/2024,5,58,3
1215,4.305050269,3/12/2023,1,70,4
1215,4.229707433,5/14/2023,2,70,4
1215,4.053040009,8/13/2023,3,70,4
1215,4.014814449,11/12/2023,4,70,4
1215,NA,06/02/2024,5,70,4
1216,4.45580382,3/12/2023,1,49,3
1216,4.569268542,5/14/2023,2,49,3
1216,4.353877779,8/13/2023,3,49,3
1216,4.398686354,11/12/2023,4,49,3
1216,NA,06/02/2024,5,49,3
1217,4.210372034,3/12/2023,1,39,3
1217,4.298918543,5/14/2023,2,39,3
1217,4.06796309,8/13/2023,3,39,3
1217,4.19576132,11/12/2023,4,39,3
1217,4.143888758,06/02/2024,5,39,3
1218,4.677214451,3/12/2023,1,67,4
1218,4.715585552,5/14/2023,2,67,4
1218,4.470469295,8/13/2023,3,67,4
1218,4.451679,11/12/2023,4,67,4
1218,4.541504359,06/02/2024,5,67,4
1219,4.157789086,3/12/2023,1,42,3
1219,4.127720153,5/14/2023,2,42,3
1219,4.136562037,8/13/2023,3,42,3
1219,NA,11/12/2023,4,42,3
1219,4.313930463,06/02/2024,5,42,3
1220,4.303390474,3/12/2023,1,39,3
1220,4.361671185,5/14/2023,2,39,3
1220,4.105816637,8/13/2023,3,39,3
1220,4.132483825,11/12/2023,4,39,3
1220,4.104691919,06/02/2024,5,39,3
1221,3.640978057,3/12/2023,1,60,4
1221,3.81190998,5/14/2023,2,60,4
1221,3.549371152,8/13/2023,3,60,4
1221,3.542700969,11/12/2023,4,60,4
1221,3.64630568,06/02/2024,5,60,4
1222,3.637989781,3/12/2023,1,24,3
1222,3.599773939,5/14/2023,2,24,3
1222,3.659345636,8/15/2023,3,24,3
1222,3.599118565,11/12/2023,4,24,3
1222,NA,06/02/2024,5,24,3
1223,4.031125576,3/12/2023,1,51,3
1223,4.10335894,5/14/2023,2,51,3
1223,3.83282813,8/13/2023,3,51,3
1223,NA,11/12/2023,4,51,3
1223,3.807670301,06/02/2024,5,51,3
1224,4.338237299,3/12/2023,1,62,4
1224,4.345687329,5/14/2023,2,62,4
1224,4.159145928,8/13/2023,3,62,4
1224,4.12538366,11/12/2023,4,62,4
1224,4.060773363,06/02/2024,5,62,4
1225,3.940914738,3/12/2023,1,37,3
1225,3.882809041,5/14/2023,2,37,3
1225,3.854184544,8/13/2023,3,37,3
1225,3.884851983,11/12/2023,4,37,3
1225,3.862071719,06/02/2024,5,37,3
1226,4.464206284,3/12/2023,1,34,3
1226,4.462397998,5/14/2023,2,34,3
1226,4.247261127,8/13/2023,3,34,3
1226,4.323478988,11/12/2023,4,34,3
1226,4.179235721,06/02/2024,5,34,3
1227,4.528723923,3/12/2023,1,62,4
1227,4.673601422,5/14/2023,2,62,4
1227,4.404970481,8/13/2023,3,62,4
1227,4.395623394,11/12/2023,4,62,4
1227,4.461198289,06/02/2024,5,62,4
1228,3.933284772,3/12/2023,1,34,3
1228,4.082390378,5/14/2023,2,34,3
1228,3.891704676,8/13/2023,3,34,3
1228,3.828144107,11/12/2023,4,34,3
1228,4.489564766,06/02/2024,5,34,3
1229,4.329357194,3/12/2023,1,14,2
1229,4.637289548,5/14/2023,2,14,2
1229,4.187802639,8/13/2023,3,14,2
1229,NA,11/12/2023,4,14,2
1229,4.511990251,06/02/2024,5,14,2
1230,4.479258507,3/12/2023,1,69,4
1230,4.780000298,5/14/2023,2,69,4
1230,4.47796008,8/13/2023,3,69,4
1230,4.480825865,11/12/2023,4,69,4
1230,4.397140171,06/02/2024,5,69,4
1231,4.445993182,3/12/2023,1,7,2
1231,4.448304296,5/14/2023,2,7,2
1231,NA, ,3,7,2
1231,NA, ,4,7,2
1231,NA,06/02/2024,5,7,2
1232,4.063370894,3/12/2023,1,34,3
1232,4.257942431,5/14/2023,2,34,3
1232,4.171053288,8/23/2023,3,34,3
1232,4.123524981,11/12/2023,4,34,3
1232,4.097708381,06/02/2024,5,34,3
1233,4.158060794,3/12/2023,1,35,3
1233,4.305845582,5/14/2023,2,35,3
1233,4.139721705,8/13/2023,3,35,3
1233,NA,11/12/2023,4,35,3
1233,4.07809415,06/02/2024,5,35,3
1234,4.202161247,3/12/2023,1,70,4
1234,4.229963262,5/14/2023,2,70,4
1234,NA, ,3,70,4
1234,4.105407986,11/12/2023,4,70,4
1234,4.096249383,06/02/2024,5,70,4
1235,4.354761312,3/12/2023,1,6,2
1235,4.478176754,5/14/2023,2,6,2
1235,4.184293855,8/13/2023,3,6,2
1235,4.185230416,11/12/2023,4,6,2
1235,4.087568476,06/02/2024,5,6,2
1236,4.683839218,3/12/2023,1,5,1
1236,4.685320672,5/14/2023,2,5,1
1236,4.520391817,8/13/2023,3,5,1
1236,4.426982711,11/12/2023,4,5,1
1236,4.194569839,06/02/2024,5,5,1
1237,4.014058277,3/12/2023,1,27,3
1237,4.072580733,5/17/2023,2,27,3
1237,3.8359441,8/13/2023,3,27,3
1237,3.664735969,11/12/2023,4,27,3
1237,3.575418791,06/02/2024,5,27,3
1238,4.202815141,3/12/2023,1,36,3
1238,4.503831524,5/14/2023,2,36,3
1238,4.211921084,8/13/2023,3,36,3
1238,4.207122498,11/12/2023,4,36,3
1238,4.135800283,06/02/2024,5,36,3
1239,4.17498965,3/12/2023,1,33,3
1239,4.109679769,5/14/2023,2,33,3
1239,4.078565559,8/13/2023,3,33,3
1239,4.077658549,11/12/2023,4,33,3
1239,3.875986771,06/02/2024,5,33,3
1240,3.973958686,3/12/2023,1,23,3
1240,NA, ,2,23,3
1240,4.275173096,8/13/2023,3,23,3
1240,NA, ,4,23,3
1240,NA,06/02/2024,5,23,3
1241,4.176496412,3/12/2023,1,23,3
1241,4.308863088,5/14/2023,2,23,3
1241,NA,8/13/2023,3,23,3
1241,4.201560978,11/12/2023,4,23,3
1241,4.159657411,06/02/2024,5,23,3
1242,4.429945974,3/12/2023,1,48,3
1242,4.599555591,5/14/2023,2,48,3
1242,4.20908587,8/13/2023,3,48,3
1242,4.168909779,11/12/2023,4,48,3
1242,4.288740939,06/02/2024,5,48,3
1243,4.491641793,3/12/2023,1,71,4
1243,4.78731167,5/14/2023,2,71,4
1243,4.445401797,8/13/2023,3,71,4
1243,4.45922658,11/12/2023,4,71,4
1243,4.496168274,06/02/2024,5,71,4
1244,4.202270298,3/12/2023,1,27,3
1244,4.203359302,5/14/2023,2,27,3
1244,4.172164914,8/13/2023,3,27,3
1244,4.429800712,11/12/2023,4,27,3
1244,4.364813556,06/02/2024,5,27,3
1245,4.176641017,3/12/2023,1,39,3
1245,4.311838593,5/14/2023,2,39,3
1245,4.151247237,8/22/2023,3,39,3
1245,NA,11/12/2023,4,39,3
1245,4.023992805,06/02/2024,5,39,3
1246,4.336359654,3/12/2023,1,86,5
1246,NA, ,2,86,5
1246,4.333144876,8/13/2023,3,86,5
1246,NA, ,4,86,5
1246,NA,06/02/2024,5,86,5
1247,4.431395933,3/12/2023,1,64,4
1247,4.474798819,5/14/2023,2,64,4
1247,4.391499676,8/13/2023,3,64,4
1247,NA,11/12/2023,4,64,4
1247,4.306360683,06/02/2024,5,64,4
1248,4.236965299,3/12/2023,1,46,3
1248,NA, ,2,46,3
1248,NA, ,3,46,3
1248,NA, ,4,46,3
1248,NA,06/02/2024,5,46,3
1249,4.599610188,3/13/2023,1,73,4
1249,4.568236936,5/14/2023,2,73,4
1249,4.496182129,8/13/2023,3,73,4
1249,NA,11/12/2023,4,73,4
1249,4.466096174,06/02/2024,5,73,4
1250,4.281533314,3/13/2023,1,63,4
1250,4.12632626,5/14/2023,2,63,4
1250,4.14176323,8/13/2023,3,63,4
1250,NA,11/12/2023,4,63,4
1250,4.110050716,06/02/2024,5,63,4
1251,NA,3/12/2023,1,5,1
1251,4.20333211,5/14/2023,2,5,1
1251,4.104555391,8/13/2023,3,5,1
1251,4.103872108,11/12/2023,4,5,1
1251,4.95635095,06/02/2024,5,5,1
1252,4.165363051,3/13/2023,1,66,4
1252,4.193375081,5/14/2023,2,66,4
1252,4.126683263,8/13/2023,3,66,4
1252,4.11846314,11/12/2023,4,66,4
1252,4.152777415,06/02/2024,5,66,4
1253,4.073351702,3/12/2023,1,77,5
1253,4.21460545,5/14/2023,2,77,5
1253,3.996949248,8/13/2023,3,77,5
1253,3.95240494,11/12/2023,4,77,5
1253,3.889189612,06/02/2024,5,77,5
1254,3.545307116,3/13/2023,1,75,5
1254,3.732474177,5/14/2023,2,75,5
1254,3.574956776,8/13/2023,3,75,5
1254,3.564547712,11/12/2023,4,75,5
1254,NA,06/02/2024,5,75,5
1255,4.071366437,3/12/2023,1,69,4
1255,4.342185728,5/14/2023,2,69,4
1255,4.02905895,8/13/2023,3,69,4
1255,NA, ,4,69,4
1255,NA,06/02/2024,5,69,4
1256,4.551986435,3/13/2023,1,71,4
1256,4.701377994,5/14/2023,2,71,4
1256,4.323685147,8/13/2023,3,71,4
1256,4.344411925,11/12/2023,4,71,4
1256,4.417488301,06/02/2024,5,71,4
1257,3.641077313,3/12/2023,1,2,1
1257,4.013427127,5/14/2023,2,2,1
1257,3.615634469,8/13/2023,3,2,1
1257,4.84430939,11/12/2023,4,2,1
1257,4.275932976,06/02/2024,5,2,1
2001,4.194736289,3/12/2023,1,41,3
2001,3.892317261,5/14/2023,2,41,3
2001,3.955783929,8/13/2023,3,41,3
2001,4.094541001,11/12/2023,4,41,3
2001,3.9081632,06/02/2024,5,41,3
2002,4.546826343,3/12/2023,1,73,4
2002,4.441003484,5/14/2023,2,73,4
2002,4.376102258,8/13/2023,3,73,4
2002,4.383007042,11/12/2023,4,73,4
2002,4.38474756,06/02/2024,5,73,4
2003,4.265713811,3/12/2023,1,71,4
2003,4.058805487,5/14/2023,2,71,4
2003,NA, ,3,71,4
2003,5.697194458,11/12/2023,4,71,4
2003,5.250324837,06/02/2024,5,71,4
2004,4.413383597,3/12/2023,1,58,3
2004,4.075583455,5/14/2023,2,58,3
2004,4.16527401,8/13/2023,3,58,3
2004,4.148324963,11/12/2023,4,58,3
2004,4.149465451,06/02/2024,5,58,3
2005,4.446117581,3/12/2023,1,58,3
2005,4.350306179,5/14/2023,2,58,3
2005,4.348246434,8/13/2023,3,58,3
2005,4.184265443,11/12/2023,4,58,3
2005,NA,06/02/2024,5,58,3
2006,4.434744502,3/12/2023,1,53,3
2006,4.102365091,5/14/2023,2,53,3
2006,4.232614983,8/13/2023,3,53,3
2006,4.228785201,11/12/2023,4,53,3
2006,4.151001908,06/02/2024,5,53,3
2007,4.571266162,3/12/2023,1,60,4
2007,4.386998073,5/14/2023,2,60,4
2007,4.407543858,8/13/2023,3,60,4
2007,4.797911232,11/12/2023,4,60,4
2007,4.61436984,06/02/2024,5,60,4
2008,4.507505057,3/12/2023,1,55,3
2008,4.361463402,5/14/2023,2,55,3
2008,4.449740594,8/13/2023,3,55,3
2008,4.216851783,11/12/2023,4,55,3
2008,4.18235758,06/02/2024,5,55,3
2009,4.372175286,3/12/2023,1,67,4
2009,4.263470366,5/14/2023,2,67,4
2009,4.326663507,8/13/2023,3,67,4
2009,4.397696736,11/12/2023,4,67,4
2009,4.348110068,06/02/2024,5,67,4
2010,4.475031622,3/12/2023,1,54,3
2010,4.306896598,5/14/2023,2,54,3
2010,4.237216889,8/13/2023,3,54,3
2010,4.307560215,11/12/2023,4,54,3
2010,4.279415966,06/02/2024,5,54,3
2011,4.132067481,3/12/2023,1,44,3
2011,4.153784386,5/14/2023,2,44,3
2011,4.05751396,8/13/2023,3,44,3
2011,3.974879973,11/12/2023,4,44,3
2011,4.12110003,06/02/2024,5,44,3
2012,4.312240845,3/12/2023,1,56,3
2012,4.264794219,5/14/2023,2,56,3
2012,4.398894407,8/13/2023,3,56,3
2012,4.430945353,11/12/2023,4,56,3
2012,4.318897715,06/02/2024,5,56,3
2013,4.672596548,3/12/2023,1,69,4
2013,4.228451691,5/14/2023,2,69,4
2013,4.288740939,8/13/2023,3,69,4
2013,4.715886402,11/12/2023,4,69,4
2013,4.375517301,06/02/2024,5,69,4
2014,4.220108088,3/12/2023,1,58,3
2014,3.916137983,5/14/2023,2,58,3
2014,3.988157473,8/13/2023,3,58,3
2014,3.978682565,11/12/2023,4,58,3
2014,4.144729841,06/02/2024,5,58,3
2015,5.007726447,3/12/2023,1,65,4
2015,4.526597709,5/14/2023,2,65,4
2015,4.498847919,8/13/2023,3,65,4
2015,4.492746424,11/12/2023,4,65,4
2015,4.175366831,06/02/2024,5,65,4
2016,4.579509219,3/12/2023,1,64,4
2016,4.480466879,5/14/2023,2,64,4
2016,4.741159481,8/13/2023,3,64,4
2016,4.437322397,11/12/2023,4,64,4
2016,4.167346878,06/02/2024,5,64,4
2017,4.296270198,3/12/2023,1,69,4
2017,4.177767293,5/14/2023,2,69,4
2017,4.467815215,8/13/2023,3,69,4
2017,4.496984969,11/12/2023,4,69,4
2017,4.137828664,06/02/2024,5,69,4
2018,4.253604511,3/12/2023,1,59,3
2018,4.087852375,5/14/2023,2,59,3
2018,4.105476121,8/13/2023,3,59,3
2018,4.109376031,11/12/2023,4,59,3
2018,4.048752458,06/02/2024,5,59,3
2019,4.385856412,3/12/2023,1,42,3
2019,NA, ,2,42,3
2019,4.040087843,8/13/2023,3,42,3
2019,3.992686039,11/12/2023,4,42,3
2019,4.029870564,06/02/2024,5,42,3
2020,4.36688969,3/12/2023,1,58,3
2020,4.183412212,5/14/2023,2,58,3
2020,4.194597585,8/13/2023,3,58,3
2020,4.32541303,11/12/2023,4,58,3
2020,4.188253327,06/02/2024,5,58,3
2021,4.16325085,3/12/2023,1,54,3
2021,4.118198568,5/14/2023,2,54,3
2021,4.104930739,8/13/2023,3,54,3
2021,4.134941711,11/12/2023,4,54,3
2021,4.086502199,06/02/2024,5,54,3
2022,NA,3/12/2023,1,35,3
2022,3.966564084,5/14/2023,2,35,3
2022,NA, ,3,35,3
2022,3.931305281,11/12/2023,4,35,3
2022,3.855155577,06/02/2024,5,35,3
2023,4.420137355,3/12/2023,1,77,5
2023,4.154667378,5/14/2023,2,77,5
2023,4.1570637,8/13/2023,3,77,5
2023,4.410220305,11/12/2023,4,77,5
2023,NA,06/02/2024,5,77,5
2024,4.787290407,3/12/2023,1,14,2
2024,4.500099192,5/14/2023,2,14,2
2024,NA, ,3,14,2
2024,NA, ,4,14,2
2024,NA,06/02/2024,5,14,2
2025,4.613820688,3/12/2023,1,76,5
2025,4.392098727,5/14/2023,2,76,5
2025,4.370457573,8/13/2023,3,76,5
2025,4.340305277,11/12/2023,4,76,5
2025,4.174292455,06/02/2024,5,76,5
2026,4.143170993,3/12/2023,1,58,3
2026,3.883831713,5/14/2023,2,58,3
2026,3.876967967,8/13/2023,3,58,3
2026,4.093701785,11/12/2023,4,58,3
2026,3.846027675,06/02/2024,5,58,3
2027,4.326663507,3/12/2023,1,59,3
2027,4.223703564,5/14/2023,2,59,3
2027,4.244178125,8/13/2023,3,59,3
2027,4.203929937,11/12/2023,4,59,3
2027,4.183867477,06/02/2024,5,59,3
2028,4.621747346,3/12/2023,1,42,3
2028,4.278433477,5/14/2023,2,42,3
2028,4.355566448,8/13/2023,3,42,3
2028,4.322653372,11/12/2023,4,42,3
2028,4.295501126,06/02/2024,5,42,3
2029,3.852357984,3/12/2023,1,59,3
2029,3.589391023,5/14/2023,2,59,3
2029,3.56937391,8/13/2023,3,59,3
2029,4.744644971,11/12/2023,4,59,3
2029,3.837399024,06/02/2024,5,59,3
2030,4.089622552,3/12/2023,1,44,3
2030,4.153448989,5/14/2023,2,44,3
2030,NA, ,3,44,3
2030,4.185768733,11/12/2023,4,44,3
2030,4.072543986,06/02/2024,5,44,3
2031,4.157668273,3/12/2023,1,54,3
2031,3.790777601,5/14/2023,2,54,3
2031,3.880699289,8/13/2023,3,54,3
2031,3.801197834,11/12/2023,4,54,3
2031,NA,06/02/2024,5,54,3
2032,3.944334592,3/12/2023,1,23,3
2032,3.898670343,5/14/2023,2,23,3
2032,3.972110228,8/13/2023,3,23,3
2032,3.911530462,11/12/2023,4,23,3
2032,NA,06/02/2024,5,23,3
2033,4.192929679,3/12/2023,1,53,3
2033,4.094121596,5/14/2023,2,53,3
2033,4.200959878,8/13/2023,3,53,3
2033,4.495322277,11/12/2023,4,53,3
2033,4.411097566,06/02/2024,5,53,3
2034,4.646364511,3/12/2023,1,53,3
2034,4.408918021,5/14/2023,2,53,3
2034,4.4013316,8/13/2023,3,53,3
2034,4.504701881,11/12/2023,4,53,3
2034,4.480165101,06/02/2024,5,53,3
2035,4.771734425,3/12/2023,1,33,3
2035,4.434824296,5/14/2023,2,33,3
2035,4.412611726,8/13/2023,3,33,3
2035,4.301745991,11/12/2023,4,33,3
2035,4.310140802,06/02/2024,5,33,3
2036,3.877831891,3/12/2023,1,31,3
2036,3.861773297,5/14/2023,2,31,3
2036,3.874887511,8/23/2023,3,31,3
2036,3.869173027,11/12/2023,4,31,3
2036,4.045322979,06/02/2024,5,31,3
2037,4.268460959,3/12/2023,1,61,4
2037,4.18743611,5/14/2023,2,61,4
2037,4.172106478,8/13/2023,3,61,4
2037,4.168379613,11/12/2023,4,61,4
2037,4.17773845,06/02/2024,5,61,4
2038,4.201506367,3/12/2023,1,18,2
2038,4.187802639,5/14/2023,2,18,2
2038,4.292034436,8/13/2023,3,18,2
2038,NA, ,4,18,2
2038,NA,06/02/2024,5,18,2
2039,4.333185208,3/12/2023,1,58,3
2039,4.164828534,5/14/2023,2,58,3
2039,4.108294351,8/13/2023,3,58,3
2039,4.190191581,11/12/2023,4,58,3
2039,4.039374456,06/02/2024,5,58,3
2040,4.45458573,3/12/2023,1,27,3
2040,4.094366298,5/14/2023,2,27,3
2040,NA,8/13/2023,3,27,3
2040,4.01110503,11/12/2023,4,27,3
2040,4.144978738,06/02/2024,5,27,3
2041,4.1604085,3/12/2023,1,13,2
2041,3.872272846,5/14/2023,2,13,2
2041,3.836007459,8/13/2023,3,13,2
2041,NA,11/12/2023,4,13,2
2041,4.048830087,06/02/2024,5,13,2
2042,4.15430222,3/12/2023,1,27,3
2042,4.079651477,5/14/2023,2,27,3
2042,4.04406915,8/13/2023,3,27,3
2042,4.053116875,11/12/2023,4,27,3
2042,3.834929096,06/02/2024,5,27,3
2043,4.23987482,3/12/2023,1,53,3
2043,3.956696565,5/17/2023,2,53,3
2043,3.996905511,8/13/2023,3,53,3
2043,4.716045101,11/12/2023,4,53,3
2043,4.186702123,06/02/2024,5,53,3
2044,4.168850904,3/12/2023,1,60,4
2044,3.857392811,5/14/2023,2,60,4
2044,3.931864513,8/13/2023,3,60,4
2044,NA,11/12/2023,4,60,4
2044,4.066884743,06/02/2024,5,60,4
2045,4.700911298,3/12/2023,1,49,3
2045,4.455453969,5/14/2023,2,49,3
2045,4.419261644,8/13/2023,3,49,3
2045,4.405380515,11/12/2023,4,49,3
2045,4.167376418,06/02/2024,5,49,3
2046,4.360593414,3/12/2023,1,51,3
2046,4.368547198,5/14/2023,2,51,3
2046,4.351738346,8/13/2023,3,51,3
2046,4.42746988,11/12/2023,4,51,3
2046,4.492229415,06/02/2024,5,51,3
2047,4.017659274,3/12/2023,1,52,3
2047,4.071219018,5/14/2023,2,52,3
2047,4.091702122,8/13/2023,3,52,3
2047,4.00099773,11/12/2023,4,52,3
2047,4.603079386,06/02/2024,5,52,3
2048,4.121264305,3/12/2023,1,4,1
2048,4.171638709,5/14/2023,2,4,1
2048,4.202896809,8/13/2023,3,4,1
2048,4.259211493,11/12/2023,4,4,1
2048,NA,06/02/2024,5,4,1
2049,4.701265687,3/12/2023,1,60,4
2049,4.356809558,5/14/2023,2,60,4
2049,4.565552681,8/13/2023,3,60,4
2049,4.466645228,11/12/2023,4,60,4
2049,4.403977964,06/02/2024,5,60,4
2050,4.775450243,3/12/2023,1,9,2
2050,4.313761796,5/14/2023,2,9,2
2050,4.193625418,8/13/2023,3,9,2
2050,4.156003669,11/12/2023,4,9,2
2050,4.097222593,06/02/2024,5,9,2
2051,4.128496199,3/12/2023,1,32,3
2051,4.114944416,5/14/2023,2,32,3
2051,4.372083109,8/23/2023,3,32,3
2051,4.161607547,11/12/2023,4,32,3
2051,3.961278679,06/02/2024,5,32,3
2052,4.030518765,3/12/2023,1,57,3
2052,3.998695158,5/14/2023,2,57,3
2052,3.930388618,8/13/2023,3,57,3
2052,3.969602265,11/12/2023,4,57,3
2052,3.935658386,06/02/2024,5,57,3
2053,1.698970004,3/12/2023,1,3,1
2053,1.698970004,5/14/2023,2,3,1
2053,1.698970004,8/23/2023,3,3,1
2053,1.698970004,11/12/2023,4,3,1
2053,NA,06/02/2024,5,3,1
2054,4.354242934,3/12/2023,1,63,4
2054,4.254668899,5/14/2023,2,63,4
2054,4.362746289,8/13/2023,3,63,4
2054,4.264487256,11/12/2023,4,63,4
2054,4.188337779,06/02/2024,5,63,4
2055,4.36106645,3/12/2023,1,48,3
2055,4.127817234,5/14/2023,2,48,3
2055,4.10649687,8/23/2023,3,48,3
2055,4.188084374,11/12/2023,4,48,3
2055,4.095273988,06/02/2024,5,48,3
2056,4.292256071,3/12/2023,1,54,3
2056,4.165748682,5/14/2023,2,54,3
2056,4.409138161,8/13/2023,3,54,3
2056,4.181328987,11/12/2023,4,54,3
2056,4.154119526,06/02/2024,5,54,3
2057,4.561077521,3/12/2023,1,54,3
2057,4.335297393,5/14/2023,2,54,3
2057,4.459060608,8/13/2023,3,54,3
2057,4.391587824,11/12/2023,4,54,3
2057,4.303001554,06/02/2024,5,54,3
2058,4.41689003,3/12/2023,1,53,3
2058,4.237845227,5/14/2023,2,53,3
2058,4.380211242,8/13/2023,3,53,3
2058,4.344824388,11/12/2023,4,53,3
2058,4.22934902,06/02/2024,5,53,3
2059,5.018396719,3/12/2023,1,11,2
2059,4.732490259,5/14/2023,2,11,2
2059,4.682560212,8/13/2023,3,11,2
2059,4.716078503,11/12/2023,4,11,2
2059,4.795810525,06/02/2024,5,11,2
2060,4.801657489,3/12/2023,1,35,3
2060,4.610308753,5/14/2023,2,35,3
2060,4.615371308,8/23/2023,3,35,3
2060,4.575499593,11/12/2023,4,35,3
2060,4.722329481,06/02/2024,5,35,3
2061,4.707246464,3/12/2023,1,55,3
2061,4.630092108,5/14/2023,2,55,3
2061,4.642652443,8/13/2023,3,55,3
2061,4.679237056,11/12/2023,4,55,3
2061,4.770748946,06/02/2024,5,55,3
2062,4.438178307,3/12/2023,1,58,3
2062,4.094331349,5/14/2023,2,58,3
2062,4.342679234,8/13/2023,3,58,3
2062,4.034146977,11/12/2023,4,58,3
2062,4.09857451,06/02/2024,5,58,3
2063,4.435812525,3/12/2023,1,60,4
2063,4.261167671,5/14/2023,2,60,4
2063,4.357706211,8/13/2023,3,60,4
2063,4.317875378,11/12/2023,4,60,4
2063,4.465010865,06/02/2024,5,60,4
2064,NA,3/12/2023,1,6,2
2064,4.05415324,5/14/2023,2,6,2
2064,4.115177666,8/13/2023,3,6,2
2064,3.996730515,11/12/2023,4,6,2
2064,4.73696987,06/02/2024,5,6,2
2065,4.179810223,3/12/2023,1,46,3
2065,3.975891136,5/14/2023,2,46,3
2065,4.022263366,8/23/2023,3,46,3
2065,3.923295841,11/12/2023,4,46,3
2065,4.108903128,06/02/2024,5,46,3
2066,4.285579811,3/12/2023,1,41,3
2066,4.177969136,5/14/2023,2,41,3
2066,4.272885445,8/13/2023,3,41,3
2066,4.300095257,11/12/2023,4,41,3
2066,4.205366788,06/02/2024,5,41,3
2067,4.42015386,3/12/2023,1,37,3
2067,4.192846115,5/14/2023,2,37,3
2067,4.338795032,8/13/2023,3,37,3
2067,4.200084064,11/12/2023,4,37,3
2067,4.122609024,06/02/2024,5,37,3
2068,4.304361254,3/12/2023,1,47,3
2068,4.017784353,5/14/2023,2,47,3
2068,4.089693209,8/13/2023,3,47,3
2068,3.965812953,11/12/2023,4,47,3
2068,3.888516461,06/02/2024,5,47,3
2069,4.619979806,3/12/2023,1,49,3
2069,4.32089371,5/14/2023,2,49,3
2069,4.350964788,8/13/2023,3,49,3
2069,NA, ,4,49,3
2069,NA,06/02/2024,5,49,3
2070,NA,3/12/2023,1,8,2
2070,4.447623098,5/14/2023,2,8,2
2070,4.738193706,8/13/2023,3,8,2
2070,4.707859609,11/12/2023,4,8,2
2070,NA,06/02/2024,5,8,2
2071,4.444513206,3/12/2023,1,46,3
2071,4.264935822,5/14/2023,2,46,3
2071,4.458954957,8/13/2023,3,46,3
2071,4.195068996,11/12/2023,4,46,3
2071,4.131971345,06/02/2024,5,46,3
2072,4.456806179,3/12/2023,1,36,3
2072,4.303282476,5/14/2023,2,36,3
2072,4.35328134,8/23/2023,3,36,3
2072,4.341256417,11/12/2023,4,36,3
2072,4.179034466,06/02/2024,5,36,3
2073,4.724251286,3/12/2023,1,32,3
2073,4.48258777,5/14/2023,2,32,3
2073,4.457927291,8/13/2023,3,32,3
2073,4.476454825,11/12/2023,4,32,3
2073,4.296467739,06/02/2024,5,32,3
2074,4.102673771,3/12/2023,1,54,3
2074,3.793441133,5/14/2023,2,54,3
2074,4.025797241,8/13/2023,3,54,3
2074,3.709778602,11/12/2023,4,54,3
2074,3.72542155,06/02/2024,5,54,3
2075,3.978454433,3/12/2023,1,33,3
2075,3.691346764,5/14/2023,2,33,3
2075,4.060168812,8/23/2023,3,33,3
2075,3.870111155,11/12/2023,4,33,3
2075,3.83225337,06/02/2024,5,33,3
2076,4.646178187,3/12/2023,1,41,3
2076,4.328236854,5/14/2023,2,41,3
2076,NA, ,3,41,3
2076,4.348849823,11/12/2023,4,41,3
2076,4.358524934,06/02/2024,5,41,3
2077,4.558732564,3/12/2023,1,7,2
2077,4.486104459,5/14/2023,2,7,2
2077,NA, ,3,7,2
2077,4.478407754,11/12/2023,4,7,2
2077,4.400848705,06/02/2024,5,7,2
2078,4.438526527,3/12/2023,1,31,3
2078,4.426364845,5/14/2023,2,31,3
2078,4.469777848,8/13/2023,3,31,3
2078,4.375480715,11/12/2023,4,31,3
2078,4.38936103,06/02/2024,5,31,3
2079,3.759592309,3/12/2023,1,33,3
2079,3.811105607,5/14/2023,2,33,3
2079,4.705102175,8/13/2023,3,33,3
2079,4.571242851,11/12/2023,4,33,3
2079,4.323066376,06/02/2024,5,33,3
2080,4.71603675,3/12/2023,1,55,3
2080,4.779394447,5/14/2023,2,55,3
2080,4.781130403,8/13/2023,3,55,3
2080,NA,11/12/2023,4,55,3
2080,5.034299503,06/02/2024,5,55,3
2081,4.605498981,3/12/2023,1,62,4
2081,4.150940554,5/14/2023,2,62,4
2081,4.189406086,8/13/2023,3,62,4
2081,4.167878305,11/12/2023,4,62,4
2081,4.103632705,06/02/2024,5,62,4
2082,4.347778717,3/12/2023,1,52,3
2082,4.153540486,5/14/2023,2,52,3
2082,4.125351121,8/13/2023,3,52,3
2082,4.146717036,11/12/2023,4,52,3
2082,4.007747778,06/02/2024,5,52,3
2083,4.503926804,3/12/2023,1,59,3
2083,4.462951745,5/14/2023,2,59,3
2083,4.413165598,8/13/2023,3,59,3
2083,4.479172066,11/12/2023,4,59,3
2083,4.461153235,06/02/2024,5,59,3
2084,4.132547842,3/12/2023,1,66,4
2084,4.121329998,5/14/2023,2,66,4
2084,4.115477374,8/13/2023,3,66,4
2084,4.381097022,11/12/2023,4,66,4
2084,4.172632117,06/02/2024,5,66,4
2085,4.345491356,3/12/2023,1,50,3
2085,4.120146006,5/14/2023,2,50,3
2085,4.109240969,8/13/2023,3,50,3
2085,4.419575781,11/12/2023,4,50,3
2085,4.217194318,06/02/2024,5,50,3
2086,4.416856769,3/12/2023,1,46,3
2086,4.144792078,5/14/2023,2,46,3
2086,4.100818396,8/13/2023,3,46,3
2086,4.123590333,11/12/2023,4,46,3
2086,4.104350519,06/02/2024,5,46,3
2087,4.276852264,3/12/2023,1,56,3
2087,4.042496757,5/14/2023,2,56,3
2087,3.899108858,8/13/2023,3,56,3
2087,4.166193215,11/12/2023,4,56,3
2087,3.947727727,06/02/2024,5,56,3
2088,4.370790565,3/12/2023,1,69,4
2088,4.056676215,5/14/2023,2,69,4
2088,3.971043792,8/13/2023,3,69,4
2088,4.148910993,11/12/2023,4,69,4
2088,3.913442955,06/02/2024,5,69,4
2089,4.691709041,3/12/2023,1,74,4
2089,4.341632336,5/14/2023,2,74,4
2089,4.393294356,8/13/2023,3,74,4
2089,4.8032932,11/12/2023,4,74,4
2089,4.729998547,06/02/2024,5,74,4
2090,4.637749828,3/12/2023,1,78,5
2090,4.403566603,5/14/2023,2,78,5
2090,4.416573944,8/13/2023,3,78,5
2090,4.62328031,11/12/2023,4,78,5
2090,4.475598558,06/02/2024,5,78,5
2091,4.575834185,3/12/2023,1,64,4
2091,4.376613451,5/14/2023,2,64,4
2091,4.454661961,8/13/2023,3,64,4
2091,4.202079441,11/12/2023,4,64,4
2091,4.278479223,06/02/2024,5,64,4
2092,4.193958978,3/12/2023,1,70,4
2092,4.129625452,5/14/2023,2,70,4
2092,4.102056193,8/13/2023,3,70,4
2092,4.162355274,11/12/2023,4,70,4
2092,4.383025021,06/02/2024,5,70,4
2093,4.745215368,3/12/2023,1,74,4
2093,4.632882268,5/14/2023,2,74,4
2093,4.589268039,8/13/2023,3,74,4
2093,5.099273083,11/12/2023,4,74,4
2093,4.862679867,06/02/2024,5,74,4
2094,4.300421557,3/12/2023,1,52,3
2094,4.184634657,5/14/2023,2,52,3
2094,4.648730711,8/13/2023,3,52,3
2094,4.775923406,11/12/2023,4,52,3
2094,4.66749031,06/02/2024,5,52,3
2095,4.23484617,3/12/2023,1,36,3
2095,4.144543074,5/14/2023,2,36,3
2095,4.135482491,8/13/2023,3,36,3
2095,NA, ,4,36,3
2095,4.172194128,06/02/2024,5,36,3
2096,4.388988785,3/12/2023,1,58,3
2096,4.191423067,5/14/2023,2,58,3
2096,4.158181498,8/13/2023,3,58,3
2096,4.675154856,11/12/2023,4,58,3
2096,4.479388136,06/02/2024,5,58,3
2097,4.325146068,3/12/2023,1,71,4
2097,4.141700557,5/14/2023,2,71,4
2097,4.123884293,8/13/2023,3,71,4
2097,4.339590552,11/12/2023,4,71,4
2097,4.179838928,06/02/2024,5,71,4
2098,4.655704954,3/12/2023,1,47,3
2098,4.385105563,5/14/2023,2,47,3
2098,4.421406475,8/13/2023,3,47,3
2098,4.338356873,11/12/2023,4,47,3
2098,4.20054956,06/02/2024,5,47,3
2099,4.325761885,3/12/2023,1,54,3
2099,3.991491889,5/14/2023,2,54,3
2099,4.052617001,8/13/2023,3,54,3
2099,4.05207803,11/12/2023,4,54,3
2099,3.889413764,06/02/2024,5,54,3
2100,3.952937668,3/12/2023,1,58,3
2100,3.808481057,5/14/2023,2,58,3
2100,3.788309812,8/13/2023,3,58,3
2100,3.754501229,11/12/2023,4,58,3
2100,3.495960395,06/02/2024,5,58,3
2101,4.480409414,3/12/2023,1,54,3
2101,4.391235126,5/14/2023,2,54,3
2101,4.958243658,8/13/2023,3,54,3
2101,4.763330641,11/12/2023,4,54,3
2101,4.397488107,06/02/2024,5,54,3
2102,4.406250554,3/12/2023,1,59,3
2102,4.178055612,5/14/2023,2,59,3
2102,4.271446614,8/13/2023,3,59,3
2102,4.492508956,11/12/2023,4,59,3
2102,4.137132476,06/02/2024,5,59,3
2103,4.529468854,3/12/2023,1,59,3
2103,4.250005028,5/17/2023,2,59,3
2103,4.257486579,8/13/2023,3,59,3
2103,4.291057894,11/12/2023,4,59,3
2103,4.374216605,06/02/2024,5,59,3
2104,4.590351333,3/12/2023,1,47,3
2104,4.19420898,5/14/2023,2,47,3
2104,4.209890169,8/23/2023,3,47,3
2104,4.174931594,11/12/2023,4,47,3
2104,4.097222593,06/02/2024,5,47,3
2105,4.5784329,3/12/2023,1,58,3
2105,4.468406414,5/14/2023,2,58,3
2105,4.584003118,8/13/2023,3,58,3
2105,4.610479169,11/12/2023,4,58,3
2105,4.461303396,06/02/2024,5,58,3
2106,3.875871191,3/12/2023,1,53,3
2106,3.864985461,5/14/2023,2,53,3
2106,3.883320678,8/23/2023,3,53,3
2106,3.843108142,11/12/2023,4,53,3
2106,4.402880134,06/02/2024,5,53,3
2107,4.377652237,3/12/2023,1,49,3
2107,4.158000429,5/14/2023,2,49,3
2107,4.132707845,8/13/2023,3,49,3
2107,4.115976429,11/12/2023,4,49,3
2107,4.067740203,06/02/2024,5,49,3
2108,4.395815463,3/12/2023,1,55,3
2108,4.064383104,5/14/2023,2,55,3
2108,4.146314122,8/13/2023,3,55,3
2108,4.139847615,11/12/2023,4,55,3
2108,3.938419646,06/02/2024,5,55,3
2109,4.379414304,3/12/2023,1,30,3
2109,4.082677681,5/14/2023,2,30,3
2109,4.056599976,8/13/2023,3,30,3
2109,4.104691919,11/12/2023,4,30,3
2109,3.809963522,06/02/2024,5,30,3
2110,4.838364173,3/12/2023,1,55,3
2110,4.71701274,5/14/2023,2,55,3
2110,4.755264891,8/13/2023,3,55,3
2110,4.753100241,11/12/2023,4,55,3
2110,4.643166343,06/02/2024,5,55,3
2111,4.769325621,3/12/2023,1,51,3
2111,4.606886315,5/14/2023,2,51,3
2111,4.494279853,8/13/2023,3,51,3
2111,4.452874644,11/12/2023,4,51,3
2111,4.502222216,06/02/2024,5,51,3
2112,4.525821952,3/12/2023,1,42,3
2112,4.375791598,5/14/2023,2,42,3
2112,4.181157318,8/13/2023,3,42,3
2112,4.190191581,11/12/2023,4,42,3
2112,4.119783586,06/02/2024,5,42,3
2113,4.251540889,3/12/2023,1,52,3
2113,4.099058789,5/14/2023,2,52,3
2113,4.100818396,8/13/2023,3,52,3
2113,4.786644964,11/12/2023,4,52,3
2113,4.433513821,06/02/2024,5,52,3
2114,4.480107596,3/12/2023,1,53,3
2114,4.442871555,5/14/2023,2,53,3
2114,4.468170031,8/13/2023,3,53,3
2114,4.404457393,11/12/2023,4,53,3
2114,4.331224781,06/02/2024,5,53,3
2115,4.433481808,3/12/2023,1,56,3
2115,4.15730563,5/14/2023,2,56,3
2115,4.161757195,8/13/2023,3,56,3
2115,4.162415036,11/12/2023,4,56,3
2115,4.108260505,06/02/2024,5,56,3
2116,4.773552419,3/12/2023,1,20,3
2116,4.617178638,5/14/2023,2,20,3
2116,4.503027615,8/13/2023,3,20,3
2116,4.537894618,11/12/2023,4,20,3
2116,4.433833814,06/02/2024,5,20,3
2117,4.34271869,3/12/2023,1,36,3
2117,4.075546961,5/14/2023,2,36,3
2117,4.199096656,8/23/2023,3,36,3
2117,4.265548899,11/12/2023,4,36,3
2117,3.847572659,06/02/2024,5,36,3
2118,4.161457847,3/12/2023,1,55,3
2118,3.937367418,5/14/2023,2,55,3
2118,NA, ,3,55,3
2118,NA, ,4,55,3
2118,NA,06/02/2024,5,55,3
2119,4.419294722,3/12/2023,1,66,4
2119,4.215293798,5/14/2023,2,66,4
2119,NA, ,3,66,4
2119,NA, ,4,66,4
2119,NA,06/02/2024,5,66,4
2120,4.162205831,3/12/2023,1,42,3
2120,3.899492196,5/14/2023,2,42,3
2120,3.886377907,8/13/2023,3,42,3
2120,4.065131372,11/12/2023,4,42,3
2120,3.796921075,06/02/2024,5,42,3
2121,4.345530558,3/12/2023,1,54,3
2121,4.302698819,5/14/2023,2,54,3
2121,4.213730204,8/13/2023,3,54,3
2121,4.255610158,11/12/2023,4,54,3
2121,4.178228511,06/02/2024,5,54,3
2122,4.05789422,3/12/2023,1,39,3
2122,3.963504499,5/14/2023,2,39,3
2122,4.047586357,8/13/2023,3,39,3
2122,4.425191736,11/12/2023,4,39,3
2122,4.035669835,06/02/2024,5,39,3
2123,4.136213066,3/12/2023,1,34,3
2123,4.126163889,5/14/2023,2,34,3
2123,4.086146191,8/13/2023,3,34,3
2123,4.061339367,11/12/2023,4,34,3
2123,3.874249823,06/02/2024,5,34,3
2124,4.604323272,3/12/2023,1,52,3
2124,4.294994994,5/14/2023,2,52,3
2124,4.449339526,8/13/2023,3,52,3
2124,4.202542805,11/12/2023,4,52,3
2124,4.194264516,06/02/2024,5,52,3
2125,4.155396774,3/12/2023,1,55,3
2125,4.168762576,5/14/2023,2,55,3
2125,4.141857223,8/13/2023,3,55,3
2125,4.856934211,11/12/2023,4,55,3
2125,4.681865087,06/02/2024,5,55,3
2126,4.475002528,3/12/2023,1,52,3
2126,4.465115053,5/14/2023,2,52,3
2126,4.497220003,8/13/2023,3,52,3
2126,4.475322451,11/12/2023,4,52,3
2126,4.348012638,06/02/2024,5,52,3
2127,3.55448916,3/12/2023,1,2,1
2127,3.495405563,5/14/2023,2,2,1
2127,3.480150725,8/13/2023,3,2,1
2127,4.775967056,11/12/2023,4,2,1
2127,NA,06/02/2024,5,2,1
2128,4.617283484,3/12/2023,1,31,3
2128,4.456957849,5/14/2023,2,31,3
2128,4.431492425,8/13/2023,3,31,3
2128,4.477150207,11/12/2023,4,31,3
2128,4.445136969,06/02/2024,5,31,3
2129,4.178516524,3/12/2023,1,54,3
2129,4.069963938,5/14/2023,2,54,3
2129,4.103495844,8/13/2023,3,54,3
2129,4.065766388,11/12/2023,4,54,3
2129,3.926445348,06/02/2024,5,54,3
2130,4.074267743,3/12/2023,1,31,3
2130,4.081599313,5/14/2023,2,31,3
2130,4.089092256,8/23/2023,3,31,3
2130,4.032054375,11/12/2023,4,31,3
2130,3.915821788,06/02/2024,5,31,3
2131,4.249296216,3/12/2023,1,34,3
2131,4.004880007,5/14/2023,2,34,3
2131,4.073021454,8/23/2023,3,34,3
2131,4.145445036,11/12/2023,4,34,3
2131,3.843295083,06/02/2024,5,34,3
2132,4.402261382,3/12/2023,1,56,3
2132,4.360706989,5/14/2023,2,56,3
2132,4.37401474,8/13/2023,3,56,3
2132,4.390334448,11/12/2023,4,56,3
2132,4.192706807,06/02/2024,5,56,3
2133,4.095273988,3/12/2023,1,34,3
2133,3.977449227,5/14/2023,2,34,3
2133,4.184691431,8/13/2023,3,34,3
2133,3.939019776,11/12/2023,4,34,3
2133,4.491515771,06/02/2024,5,34,3
2134,4.305157829,3/12/2023,1,54,3
2134,4.158302169,5/14/2023,2,54,3
2134,4.24144686,8/13/2023,3,54,3
2134,4.156306799,11/12/2023,4,54,3
2134,3.967875446,06/02/2024,5,54,3
2135,4.802144055,3/12/2023,1,3,1
2135,4.515317379,5/14/2023,2,3,1
2135,4.745410537,8/13/2023,3,3,1
2135,4.725135413,11/12/2023,4,3,1
2135,4.243335749,06/02/2024,5,3,1
2136,4.282440836,3/12/2023,1,37,3
2136,4.282531484,5/14/2023,2,37,3
2136,4.295611077,8/13/2023,3,37,3
2136,4.240324555,11/12/2023,4,37,3
2136,4.134240876,06/02/2024,5,37,3
2137,4.424260772,3/12/2023,1,50,3
2137,4.42015386,5/14/2023,2,50,3
2137,4.409933123,8/13/2023,3,50,3
2137,4.447220069,11/12/2023,4,50,3
2137,4.755066468,06/02/2024,5,50,3
2138,4.148510111,3/12/2023,1,56,3
2138,3.873262459,5/14/2023,2,56,3
2138,3.880356199,8/13/2023,3,56,3
2138,3.825231323,11/12/2023,4,56,3
2138,4.113107367,06/02/2024,5,56,3
2139,4.344706581,3/12/2023,1,46,3
2139,4.184577875,5/14/2023,2,46,3
2139,4.256140227,8/13/2023,3,46,3
2139,NA,11/12/2023,4,46,3
2139,NA,06/02/2024,5,46,3
2140,4.124080157,3/12/2023,1,36,3
2140,4.073094865,5/14/2023,2,36,3
2140,4.102742336,8/13/2023,3,36,3
2140,4.051191125,11/12/2023,4,36,3
2140,4.165095875,06/02/2024,5,36,3
2141,4.078239254,3/12/2023,1,58,3
2141,4.027879409,5/14/2023,2,58,3
2141,3.867644234,8/13/2023,3,58,3
2141,3.851135995,11/12/2023,4,58,3
2141,3.788309812,06/02/2024,5,58,3
2142,4.234466663,3/12/2023,1,38,3
2142,4.177507642,5/14/2023,2,38,3
2142,4.188168859,8/13/2023,3,38,3
2142,4.275334393,11/12/2023,4,38,3
2142,4.084290229,06/02/2024,5,38,3
2143,4.223988883,3/12/2023,1,14,2
2143,4.078166708,5/14/2023,2,14,2
2143,4.376686429,8/13/2023,3,14,2
2143,4.429703843,11/12/2023,4,14,2
2143,4.035189509,06/02/2024,5,14,2
2144,4.58256331,3/12/2023,1,8,2
2144,4.579577829,5/14/2023,2,8,2
2144,4.540492148,8/13/2023,3,8,2
2144,4.545801757,11/12/2023,4,8,2
2144,4.382935118,06/02/2024,5,8,2
2145,4.128496199,3/12/2023,1,57,3
2145,3.921946454,5/14/2023,2,57,3
2145,3.967313918,8/13/2023,3,57,3
2145,4.007619775,11/12/2023,4,57,3
2145,4.142483324,06/02/2024,5,57,3
2146,4.327358934,3/12/2023,1,10,2
2146,4.387852353,5/14/2023,2,10,2
2146,4.427956502,8/13/2023,3,10,2
2146,4.336499759,11/12/2023,4,10,2
2146,NA,06/02/2024,5,10,2
2147,4.47934493,3/12/2023,1,23,3
2147,4.360422994,5/14/2023,2,23,3
2147,4.336579799,8/13/2023,3,23,3
2147,4.34095941,11/12/2023,4,23,3
2147,4.127752516,06/02/2024,5,23,3
2148,3.891258617,3/12/2023,1,33,3
2148,3.879898324,5/14/2023,2,33,3
2148,NA, ,3,33,3
2148,NA, ,4,33,3
2148,3.593507589,06/02/2024,5,33,3
2149,4.949155717,3/12/2023,1,13,2
2149,NA, ,2,13,2
2149,NA, ,3,13,2
2149,NA, ,4,13,2
2149,NA,06/02/2024,5,13,2
2150,4.219767845,3/12/2023,1,37,3
2150,4.202706227,5/14/2023,2,37,3
2150,4.170261715,8/13/2023,3,37,3
2150,4.19359761,11/12/2023,4,37,3
2150,4.356656752,06/02/2024,5,37,3
2151,4.22729525,3/12/2023,1,56,3
2151,4.206123964,5/14/2023,2,56,3
2151,4.436242181,8/13/2023,3,56,3
2151,4.285579811,11/12/2023,4,56,3
2151,4.090927853,06/02/2024,5,56,3
2152,4.034949147,3/12/2023,1,34,3
2152,3.919496488,5/14/2023,2,34,3
2152,3.858356705,8/13/2023,3,34,3
2152,3.85388065,11/12/2023,4,34,3
2152,4.700894004,06/02/2024,5,34,3
2153,4.459603552,3/12/2023,1,3,1
2153,4.198712057,5/14/2023,2,3,1
2153,5.233693976,8/13/2023,3,3,1
2153,4.755150428,11/12/2023,4,3,1
2153,4.605714362,06/02/2024,5,3,1
2154,4.14594187,3/12/2023,1,55,3
2154,4.151155255,5/14/2023,2,55,3
2154,4.104452967,8/13/2023,3,55,3
2154,4.230397825,11/12/2023,4,55,3
2154,4.169909442,06/02/2024,5,55,3
2155,4.170555059,3/12/2023,1,59,3
2155,4.1067347,5/14/2023,2,59,3
2155,4.165125569,8/13/2023,3,59,3
2155,4.052963129,11/12/2023,4,59,3
2155,3.955735842,06/02/2024,5,59,3
2156,3.776991585,3/12/2023,1,38,3
2156,3.653694795,5/14/2023,2,38,3
2156,3.716921073,8/13/2023,3,38,3
2156,NA, ,4,38,3
2156,4.108226656,06/02/2024,5,38,3
2157,4.320042375,3/12/2023,1,58,3
2157,4.126748142,5/14/2023,2,58,3
2157,4.16716959,8/13/2023,3,58,3
2157,4.151032582,11/12/2023,4,58,3
2157,4.084433277,06/02/2024,5,58,3
2158,4.33278172,3/12/2023,1,16,2
2158,NA,5/14/2023,2,16,2
2158,4.335798783,8/13/2023,3,16,2
2158,4.33543784,11/12/2023,4,16,2
2158,4.42939695,06/02/2024,5,16,2
2159,4.09317645,3/12/2023,1,38,3
2159,4.006594386,5/14/2023,2,38,3
2159,4,8/13/2023,3,38,3
2159,3.880356199,11/12/2023,4,38,3
2159,3.95727198,06/02/2024,5,38,3
2160,4.105169428,3/12/2023,1,33,3
2160,4.054727932,5/14/2023,2,33,3
2160,4.10462366,8/13/2023,3,33,3
2160,4.0801212,11/12/2023,4,33,3
2160,4.120211868,06/02/2024,5,33,3
2161,4.386391939,3/12/2023,1,58,3
2161,4.239699797,5/14/2023,2,58,3
2161,4.298569274,8/13/2023,3,58,3
2161,4.338516255,11/12/2023,4,58,3
2161,4.325207689,06/02/2024,5,58,3
2162,3.886829005,3/12/2023,1,57,3
2162,3.879554601,5/26/2023,2,57,3
2162,3.896746616,8/13/2023,3,57,3
2162,3.994053064,11/12/2023,4,57,3
2162,4.026574118,06/02/2024,5,57,3
2163,4.457957551,3/12/2023,1,58,3
2163,4.21473791,5/14/2023,2,58,3
2163,4.311117843,8/13/2023,3,58,3
2163,4.202379321,11/12/2023,4,58,3
2163,4.204119983,06/02/2024,5,58,3
2164,4.326520192,3/12/2023,1,57,3
2164,4.327236293,5/14/2023,2,57,3
2164,4.334795423,8/13/2023,3,57,3
2164,4.22762965,11/12/2023,4,57,3
2164,4.796491074,06/02/2024,5,57,3
2165,4.383689725,3/12/2023,1,52,3
2165,4.199288828,5/14/2023,2,52,3
2165,4.191115522,8/13/2023,3,52,3
2165,4.184946823,11/12/2023,4,52,3
2165,4.132419798,06/02/2024,5,52,3
2166,4.3513324,3/12/2023,1,59,3
2166,4.339749482,5/14/2023,2,59,3
2166,4.340563083,8/13/2023,3,59,3
2166,4.333548027,11/12/2023,4,59,3
2166,4.321805484,06/02/2024,5,59,3
2167,4.130365937,3/12/2023,1,62,4
2167,4.103769523,5/14/2023,2,62,4
2167,4.098366796,8/13/2023,3,62,4
2167,4.102810891,11/12/2023,4,62,4
2167,4.392169149,06/02/2024,5,62,4
2168,4.108260505,3/12/2023,1,41,3
2168,4.100852827,5/14/2023,2,41,3
2168,4.112504459,8/13/2023,3,41,3
2168,NA,11/12/2023,4,41,3
2168,NA,06/02/2024,5,41,3
2169,4.292455447,3/12/2023,1,43,3
2169,4.121362841,5/14/2023,2,43,3
2169,4.112001395,8/13/2023,3,43,3
2169,4.073828284,11/12/2023,4,43,3
2169,NA,06/02/2024,5,43,3
2170,3.888067113,3/12/2023,1,63,4
2170,NA,5/14/2023,2,63,4
2170,3.970114322,8/13/2023,3,63,4
2170,4.862584527,11/12/2023,4,63,4
2170,4.42430982,06/02/2024,5,63,4
2171,4.730604647,3/12/2023,1,57,3
2171,4.286097029,5/14/2023,2,57,3
2171,4.340899984,8/13/2023,3,57,3
2171,4.409899325,11/12/2023,4,57,3
2171,4.268718346,06/02/2024,5,57,3
2172,4.43824164,3/12/2023,1,59,3
2172,4.106088858,5/14/2023,2,59,3
2172,4.04524472,8/13/2023,3,59,3
2172,4.08170727,11/12/2023,4,59,3
2172,4.172048034,06/02/2024,5,59,3
2173,4.373702582,3/12/2023,1,70,4
2173,4.202815141,5/14/2023,2,70,4
2173,4.214711421,8/13/2023,3,70,4
2173,4.504525231,11/12/2023,4,70,4
2173,4.28458863,06/02/2024,5,70,4
2174,4.176264942,3/12/2023,1,48,3
2174,4.111800007,5/14/2023,2,48,3
2174,4.11846314,8/13/2023,3,48,3
2174,4.065617056,11/12/2023,4,48,3
2174,3.991890304,06/02/2024,5,48,3
2175,4.018367578,3/12/2023,1,60,4
2175,4.166992231,5/14/2023,2,60,4
2175,3.966892296,8/13/2023,3,60,4
2175,4.550057048,11/12/2023,4,60,4
2175,4.308222819,06/02/2024,5,60,4
2176,4.620083978,3/12/2023,1,56,3
2176,4.629633825,5/14/2023,2,56,3
2176,4.577192976,8/13/2023,3,56,3
2176,NA,11/12/2023,4,56,3
2176,4.589469267,06/02/2024,5,56,3
2177,3.89014146,3/12/2023,1,51,3
2177,3.773201142,5/14/2023,2,51,3
2177,3.832445041,8/13/2023,3,51,3
2177,4.641652551,11/12/2023,4,51,3
2177,4.420219878,06/02/2024,5,51,3
2178,4.193931191,3/12/2023,1,47,3
2178,4.065467672,5/14/2023,2,47,3
2178,4.13213156,8/13/2023,3,47,3
2178,4.068779363,11/12/2023,4,47,3
2178,3.977906428,06/02/2024,5,47,3
2179,4.489043953,3/12/2023,1,67,4
2179,4.318522442,5/14/2023,2,67,4
2179,4.301181972,8/13/2023,3,67,4
2179,4.312325482,11/12/2023,4,67,4
2179,NA,06/02/2024,5,67,4
2180,4.367094893,3/12/2023,1,61,4
2180,4.017909396,5/14/2023,2,61,4
2180,4.043322974,8/13/2023,3,61,4
2180,4.02094106,11/12/2023,4,61,4
2180,3.946304855,06/02/2024,5,61,4
2181,4.768445697,3/12/2023,1,69,4
2181,4.775923406,5/14/2023,2,69,4
2181,4.792930721,8/13/2023,3,69,4
2181,4.854123782,11/12/2023,4,69,4
2181,4.673149978,06/02/2024,5,69,4
2182,4.422442096,3/12/2023,1,66,4
2182,4.170203023,5/14/2023,2,66,4
2182,4.15405861,8/13/2023,3,66,4
2182,4.201479059,11/12/2023,4,66,4
2182,4.100680645,06/02/2024,5,66,4
2183,4.551791444,3/12/2023,1,58,3
2183,4.366348233,5/14/2023,2,58,3
2183,4.395623394,8/13/2023,3,58,3
2183,4.659136241,11/12/2023,4,58,3
2183,4.383456297,06/02/2024,5,58,3
2184,NA,3/12/2023,1,60,4
2184,4.305716711,5/14/2023,2,60,4
2184,4.367933354,8/13/2023,3,60,4
2184,4.200576927,11/12/2023,4,60,4
2184,4.212107666,06/02/2024,5,60,4
2185,4.752540114,3/12/2023,1,63,4
2185,4.537441283,5/14/2023,2,63,4
2185,4.5035728,8/13/2023,3,63,4
2185,4.461363445,11/12/2023,4,63,4
2185,4.624756363,06/02/2024,5,63,4
2186,4.041116228,3/12/2023,1,44,3
2186,3.9909601,5/14/2023,2,44,3
2186,3.927164974,8/13/2023,3,44,3
2186,4.086857916,11/12/2023,4,44,3
2186,4.146283113,06/02/2024,5,44,3
2187,4.318710119,3/12/2023,1,47,3
2187,4.235528447,5/14/2023,2,47,3
2187,4.28064665,8/13/2023,3,47,3
2187,4.194236749,11/12/2023,4,47,3
2187,4.307795448,06/02/2024,5,47,3
2188,4.230653247,3/12/2023,1,58,3
2188,4.184265443,5/14/2023,2,58,3
2188,4.176438556,8/13/2023,3,58,3
2188,4.16378731,11/12/2023,4,58,3
2188,4.198712057,06/02/2024,5,58,3
2189,4.117105503,3/12/2023,1,45,3
2189,4.177334456,5/14/2023,2,45,3
2189,NA, ,3,45,3
2189,NA, ,4,45,3
2189,4.164471824,06/02/2024,5,45,3
2190,4.466214947,3/12/2023,1,77,5
2190,4.243707587,5/14/2023,2,77,5
2190,4.203658299,8/13/2023,3,77,5
2190,4.502181223,11/12/2023,4,77,5
2190,4.361217713,06/02/2024,5,77,5
2191,4.699837726,3/12/2023,1,64,4
2191,4.363442741,5/14/2023,2,64,4
2191,NA, ,3,64,4
2191,4.376941757,11/12/2023,4,64,4
2191,4.179005708,06/02/2024,5,64,4
2192,4.414772858,3/12/2023,1,51,3
2192,4.283188116,5/14/2023,2,51,3
2192,4.2999429,8/23/2023,3,51,3
2192,4.372746351,11/12/2023,4,51,3
2192,4.201915783,06/02/2024,5,51,3
2193,3.83777777,3/12/2023,1,52,3
2193,NA,5/14/2023,2,52,3
2193,3.810501348,8/23/2023,3,52,3
2193,3.749581735,11/12/2023,4,52,3
2193,3.707399831,06/02/2024,5,52,3
2194,4.065542371,3/12/2023,1,39,3
2194,4.015108161,5/14/2023,2,39,3
2194,4.062092893,8/23/2023,3,39,3
2194,3.912912551,11/12/2023,4,39,3
2194,3.94846187,06/02/2024,5,39,3
2195,4.412023513,3/12/2023,1,41,3
2195,4.178919421,5/14/2023,2,41,3
2195,4.153143857,8/13/2023,3,41,3
2195,4.13481437,11/12/2023,4,41,3
2195,NA,06/02/2024,5,41,3
2196,4.384640101,3/12/2023,1,16,2
2196,NA, ,2,16,2
2196,NA, ,3,16,2
2196,NA, ,4,16,2
2196,NA,06/02/2024,5,16,2
2197,4.185060283,3/12/2023,1,40,3
2197,4.061263942,5/14/2023,2,40,3
2197,4.114644339,8/13/2023,3,40,3
2197,4.112739022,11/12/2023,4,40,3
2197,4.016113666,06/02/2024,5,40,3
2198,4.315592534,3/12/2023,1,43,3
2198,4.110185527,5/14/2023,2,43,3
2198,4.385731361,8/13/2023,3,43,3
2198,4.40654018,11/12/2023,4,43,3
2198,4.176438556,06/02/2024,5,43,3
2199,4.688036976,3/12/2023,1,35,3
2199,4.504919198,5/14/2023,2,35,3
2199,4.413199144,8/13/2023,3,35,3
2199,4.411249219,11/12/2023,4,35,3
2199,NA,06/02/2024,5,35,3
2200,4.328848307,3/12/2023,1,42,3
2200,4.065878353,5/14/2023,2,42,3
2200,4.018159374,8/13/2023,3,42,3
2200,4.055607652,11/12/2023,4,42,3
2200,3.957128198,06/02/2024,5,42,3
2201,3.904877767,3/12/2023,1,35,3
2201,3.871689666,5/14/2023,2,35,3
2201,3.848004271,8/13/2023,3,35,3
2201,4.135482491,11/12/2023,4,35,3
2201,3.7084209,06/02/2024,5,35,3
2202,4.106802628,3/12/2023,1,85,5
2202,4.081779227,5/14/2023,2,85,5
2202,4.135641416,8/13/2023,3,85,5
2202,4.260762845,11/12/2023,4,85,5
2202,4.072213123,06/02/2024,5,85,5
2203,4.429687696,3/12/2023,1,39,3
2203,4.144325078,5/14/2023,2,39,3
2203,4.165630062,8/13/2023,3,39,3
2203,4.391482044,11/12/2023,4,39,3
2203,4.187323269,06/02/2024,5,39,3
2204,3.86516322,3/12/2023,1,55,3
2204,3.867231715,5/14/2023,2,55,3
2204,3.836830286,8/13/2023,3,55,3
2204,3.787885351,11/12/2023,4,55,3
2204,3.972573081,06/02/2024,5,55,3
2205,4.388900108,3/12/2023,1,30,3
2205,4.132931749,5/14/2023,2,30,3
2205,4.161667412,8/13/2023,3,30,3
2205,NA,11/12/2023,4,30,3
2205,4.089587219,06/02/2024,5,30,3
2206,3.865636888,3/12/2023,1,56,3
2206,3.897132043,5/14/2023,2,56,3
2206,3.894869657,8/13/2023,3,56,3
2206,3.955254683,11/12/2023,4,56,3
2206,3.859318465,06/02/2024,5,56,3
2207,4.105544246,3/12/2023,1,40,3
2207,3.844352896,5/14/2023,2,40,3
2207,3.852784869,8/13/2023,3,40,3
2207,4.0533858,11/12/2023,4,40,3
2207,3.891593204,06/02/2024,5,40,3
2208,4.503722606,3/12/2023,1,60,4
2208,NA, ,2,60,4
2208,NA, ,3,60,4
2208,NA, ,4,60,4
2208,NA,06/02/2024,5,60,4
2209,4.286905353,3/12/2023,1,46,3
2209,4.224429462,5/14/2023,2,46,3
2209,4.343250998,8/13/2023,3,46,3
2209,4.27126061,11/12/2023,4,46,3
2209,4.338954252,06/02/2024,5,46,3
2210,4.158000429,3/12/2023,1,61,4
2210,4.376649942,5/14/2023,2,61,4
2210,4.33241826,8/13/2023,3,61,4
2210,4.454890573,11/12/2023,4,61,4
2210,4.454707693,06/02/2024,5,61,4
2211,4.203522417,3/12/2023,1,62,4
2211,4.058691683,5/14/2023,2,62,4
2211,4.09184275,8/13/2023,3,62,4
2211,4.115111036,11/12/2023,4,62,4
2211,4.084218687,06/02/2024,5,62,4
2212,4.48315921,3/12/2023,1,12,2
2212,4.389112902,5/14/2023,2,12,2
2212,4.32417953,8/13/2023,3,12,2
2212,4.280327919,11/12/2023,4,12,2
2212,4.166873951,06/02/2024,5,12,2
2213,4.375700185,3/12/2023,1,37,3
2213,4.402725528,5/14/2023,2,37,3
2213,4.377269815,8/13/2023,3,37,3
2213,4.351061558,11/12/2023,4,37,3
2213,4.422983579,06/02/2024,5,37,3
2214,4.085433297,3/12/2023,1,40,3
2214,4.035829825,5/14/2023,2,40,3
2214,4.002986341,8/13/2023,3,40,3
2214,3.902111723,11/12/2023,4,40,3
2214,3.918344929,06/02/2024,5,40,3
2215,4.118562313,3/12/2023,1,37,3
2215,3.909769915,5/14/2023,2,37,3
2215,3.898341166,8/23/2023,3,37,3
2215,3.887223331,11/12/2023,4,37,3
2215,4.010978012,06/02/2024,5,37,3
2216,4.554501274,3/12/2023,1,53,3
2216,4.256212459,5/14/2023,2,53,3
2216,4.191534847,8/13/2023,3,53,3
2216,4.170643023,11/12/2023,4,53,3
2216,4.478306707,06/02/2024,5,53,3
2217,3.965248751,3/12/2023,1,56,3
2217,3.865281685,5/14/2023,2,56,3
2217,3.896966902,8/13/2023,3,56,3
2217,4.16325085,11/12/2023,4,56,3
2217,4.060320029,06/02/2024,5,56,3
2218,4.142483324,3/12/2023,1,48,3
2218,4.095308861,5/14/2023,2,48,3
2218,4.0548045,8/13/2023,3,48,3
2218,4.133794301,11/12/2023,4,48,3
2218,4.1069724,06/02/2024,5,48,3
2219,3.779091204,3/12/2023,1,60,4
2219,3.785685668,5/14/2023,2,60,4
2219,3.74028372,8/13/2023,3,60,4
2219,3.746322765,11/12/2023,4,60,4
2219,3.563955465,06/02/2024,5,60,4
2220,4.407509873,3/12/2023,1,41,3
2220,4.431621048,5/14/2023,2,41,3
2220,4.476164754,8/13/2023,3,41,3
2220,4.617293968,11/12/2023,4,41,3
2220,4.367337281,06/02/2024,5,41,3
2221,4.301029996,3/12/2023,1,26,3
2221,4.228990311,5/14/2023,2,26,3
2221,NA, ,3,26,3
2221,NA, ,4,26,3
2221,NA,06/02/2024,5,26,3
2222,4.002597981,3/12/2023,1,35,3
2222,3.900093902,5/14/2023,2,35,3
2222,4.150633654,8/13/2023,3,35,3
2222,4.240798771,11/12/2023,4,35,3
2222,NA,06/02/2024,5,35,3
2223,4.184663045,3/12/2023,1,38,3
2223,4.198959339,5/14/2023,2,38,3
2223,4.214313897,8/13/2023,3,38,3
2223,NA,11/12/2023,4,38,3
2223,4.129367596,06/02/2024,5,38,3
2224,4.273510546,3/12/2023,1,29,3
2224,4.012879387,5/14/2023,2,29,3
2224,NA, ,3,29,3
2224,NA, ,4,29,3
2224,NA,06/02/2024,5,29,3
2225,3.969415912,3/12/2023,1,40,3
2225,3.901349325,5/14/2023,2,40,3
2225,3.863501301,8/13/2023,3,40,3
2225,3.870988814,11/12/2023,4,40,3
2225,4.048325251,06/02/2024,5,40,3
2226,4.212826586,3/12/2023,1,59,3
2226,4.324261872,5/14/2023,2,59,3
2226,4.227758196,8/13/2023,3,59,3
2226,4.191171456,11/12/2023,4,59,3
2226,4.220657149,06/02/2024,5,59,3
2227,4.036628895,3/12/2023,1,27,3
2227,3.885530833,5/14/2023,2,27,3
2227,4.255778887,8/13/2023,3,27,3
2227,4.139784664,11/12/2023,4,27,3
2227,4.112739022,06/02/2024,5,27,3
2228,4.319293484,3/12/2023,1,48,3
2228,4.19520755,5/14/2023,2,48,3
2228,4.136752266,8/13/2023,3,48,3
2228,4.173768823,11/12/2023,4,48,3
2228,4.16301221,06/02/2024,5,48,3
2229,4.351950833,3/12/2023,1,28,3
2229,4.265148139,5/14/2023,2,28,3
2229,4.300095257,8/23/2023,3,28,3
2229,NA, ,4,28,3
2229,NA,06/02/2024,5,28,3
2230,4.428928115,3/12/2023,1,55,3
2230,4.482873584,5/17/2023,2,55,3
2230,4.440263455,8/13/2023,3,55,3
2230,4.458048319,11/12/2023,4,55,3
2230,4.40153839,06/02/2024,5,55,3
2231,4.404423166,3/12/2023,1,57,3
2231,4.109780968,5/14/2023,2,57,3
2231,4.12515583,8/13/2023,3,57,3
2231,4.230065551,11/12/2023,4,57,3
2231,4.16669647,06/02/2024,5,57,3
2232,4.112236231,3/12/2023,1,47,3
2232,3.87909588,5/14/2023,2,47,3
2232,3.963315511,8/13/2023,3,47,3
2232,4.193013227,11/12/2023,4,47,3
2232,4.147212417,06/02/2024,5,47,3
2233,4.202978461,3/12/2023,1,55,3
2233,4.284430734,5/14/2023,2,55,3
2233,4.197941836,8/13/2023,3,55,3
2233,4.476802655,11/12/2023,4,55,3
2233,4.318105092,06/02/2024,5,55,3
2234,4.086857916,3/12/2023,1,45,3
2234,4.140319452,5/14/2023,2,45,3
2234,4.136308267,8/13/2023,3,45,3
2234,NA,11/12/2023,4,45,3
2234,NA,06/02/2024,5,45,3
2235,4.130494589,3/12/2023,1,32,3
2235,4.0927908,5/14/2023,2,32,3
2235,4.062393937,8/13/2023,3,32,3
2235,4.338277161,11/12/2023,4,32,3
2235,4.354070004,06/02/2024,5,32,3
2236,4.374913237,3/12/2023,1,40,3
2236,4.125968963,5/14/2023,2,40,3
2236,4.099335278,8/13/2023,3,40,3
2236,4.153814864,11/12/2023,4,40,3
2236,4.079615324,06/02/2024,5,40,3
2237,4.419840141,3/12/2023,1,36,3
2237,4.371990911,5/14/2023,2,36,3
2237,NA, ,3,36,3
2237,4.399967766,11/12/2023,4,36,3
2237,NA,06/02/2024,5,36,3
2238,4.22055262,3/12/2023,1,56,3
2238,3.890979597,5/14/2023,2,56,3
2238,4.233224626,8/13/2023,3,56,3
2238,3.940616082,11/12/2023,4,56,3
2238,3.984167127,06/02/2024,5,56,3
2239,4.099473456,3/12/2023,1,47,3
2239,4.126456113,5/14/2023,2,47,3
2239,4.043755127,8/13/2023,3,47,3
2239,4.11991541,11/12/2023,4,47,3
2239,4.029789471,06/02/2024,5,47,3
2240,4.08905688,3/12/2023,1,23,3
2240,4.038262407,5/14/2023,2,23,3
2240,4.038540686,8/13/2023,3,23,3
2240,3.928242183,11/12/2023,4,23,3
2240,4.017742664,06/02/2024,5,23,3
2241,4.029789471,3/12/2023,1,58,3
2241,3.914237348,5/14/2023,2,58,3
2241,3.955735842,8/13/2023,3,58,3
2241,3.999130541,11/12/2023,4,58,3
2241,4.104145551,06/02/2024,5,58,3
2242,4.19368103,3/12/2023,1,59,3
2242,4.090963077,5/14/2023,2,59,3
2242,4.042496757,8/13/2023,3,59,3
2242,3.590172832,11/12/2023,4,59,3
2242,4.11290649,06/02/2024,5,59,3
2243,4.507532053,3/12/2023,1,57,3
2243,4.312262006,5/14/2023,2,57,3
2243,4.438399934,8/13/2023,3,57,3
2243,4.767786434,11/12/2023,4,57,3
2243,4.68607293,06/02/2024,5,57,3
2244,4.040483664,3/12/2023,1,46,3
2244,4.047858727,5/14/2023,2,46,3
2244,4.041550582,8/13/2023,3,46,3
2244,5.048402956,11/12/2023,4,46,3
2244,4.688241796,06/02/2024,5,46,3
2245,4.425615725,3/12/2023,1,49,3
2245,4.47801787,5/14/2023,2,49,3
2245,4.440184654,8/13/2023,3,49,3
2245,4.486047734,11/12/2023,4,49,3
2245,4.496001979,06/02/2024,5,49,3
2246,4.393662931,3/12/2023,1,45,3
2246,4.24689232,5/14/2023,2,45,3
2246,4.274504223,8/13/2023,3,45,3
2246,4.390086875,11/12/2023,4,45,3
2246,4.421027776,06/02/2024,5,45,3
2247,4.196010287,3/12/2023,1,54,3
2247,4.203549597,5/14/2023,2,54,3
2247,4.172515363,8/13/2023,3,54,3
2247,4.16613397,11/12/2023,4,54,3
2247,4.258110255,06/02/2024,5,54,3
2248,4.115177666,3/12/2023,1,36,3
2248,3.97053283,5/14/2023,2,36,3
2248,3.893040112,8/13/2023,3,36,3
2248,3.949975178,11/12/2023,4,36,3
2248,3.984842231,06/02/2024,5,36,3
2249,4.174117981,3/12/2023,1,42,3
2249,4.182614348,5/14/2023,2,42,3
2249,4.193430724,8/13/2023,3,42,3
2249,4.197418408,11/12/2023,4,42,3
2249,4.128302317,06/02/2024,5,42,3
2250,4.016699138,3/12/2023,1,60,4
2250,3.89187183,5/14/2023,2,60,4
2250,3.831677849,8/13/2023,3,60,4
2250,3.894537585,11/12/2023,4,60,4
2250,3.797128988,06/02/2024,5,60,4
2251,4.005395032,3/12/2023,1,58,3
2251,3.884625463,5/14/2023,2,58,3
2251,3.852601969,8/13/2023,3,58,3
2251,3.874423831,11/12/2023,4,58,3
2251,NA,06/02/2024,5,58,3
